3883,0.190193929253,0.694615357655,0.2649717697,0.652654857333,0.400387985818,0.611050310981,0.457082628308,0.674319870645,0.318810725388,0.993240309466,0.359591262017,0.978312999421,0.373083763869,0.768077071486,0.375051256083,0.740162128909,0.0,0.708606345365,8.68998479258e-06,0.802651483177,0.000112834069441,0.780051310577,0.190833293687,0.76138504633,0.496078851511,0.12422253923,0.162162162162,0.0606060606061,0.0,0.171019114597,0.0,0.0
9918,0.728089408843,0.0749535187853,0.6550955576,0.233166316035,0.521805248958,0.385180080977,0.463733760858,0.522266008111,0.256161960381,0.0336321036664,0.311517613785,0.292199445234,0.335954551081,0.475156084941,0.345725366203,0.534539212573,0.94035168243,0.711661110207,0.74616554421,0.796174794401,0.549171475547,0.763284558014,0.511412293639,0.736937444102,0.586329547889,0.0171611982882,0.0810810810811,0.030303030303,0.0526315789474,0.101914019184,1.0,0.0
24041598,0.226392689464,0.599182656922,0.288291246064,0.616612315021,0.388993689656,0.766243767987,0.45404580276,0.930873764104,0.236518476126,0.261135515231,0.281480914706,0.653699569267,0.300356372686,0.835223642678,0.307141269175,0.87107080489,0.560855947383,0.724880241399,0.473230501847,0.869524975591,0.335995680067,0.880067203233,0.358645749084,0.882860346761,0.313349046497,0.756761768902,0.378378378378,1.0,1.0,0.862007362252,0.0,0.0
4046,0.638383701509,0.673666613039,0.552846844264,0.628755085654,0.447133587531,0.649579578362,0.386266441059,0.741661291605,0.209557054225,1.0,0.237690225429,1.0,0.246789714055,0.81388728991,0.247970753156,0.727764327671,0.643352964839,0.700587587654,0.474255920052,0.801762525894,0.2679889745,0.783587426638,0.272188258243,0.767691029523,0.539018641526,0.0644079885877,0.108108108108,0.0606060606061,0.105263157895,0.176744599725,1.0,0.25
180933,0.557294199506,0.259239553392,0.535584975284,0.38237840408,0.39838116262,0.547547953287,0.312146898359,0.70864663315,0.0925627251798,0.140257587206,0.122013009371,0.450676168354,0.136444482087,0.647143661402,0.143319418027,0.706788775996,0.710091487628,0.796876321118,0.528716054747,0.927299728756,0.290346239402,0.908424243112,0.263713782768,0.889388787245,0.543346903793,0.0487018544936,0.0,0.0606060606061,0.0,0.0999355658971,1.0,0.25
4976,0.727055285906,0.0650327405949,0.671871893164,0.213151154393,0.548344370861,0.356171663537,0.49721153186,0.485195755321,0.294297829169,0.0332867180187,0.355308303062,0.263062941163,0.381833462548,0.438505379949,0.392120149198,0.496269249087,0.801224132655,0.692041519345,0.734503584619,0.762588643608,0.577791031303,0.725511119184,0.552018411913,0.697326426564,0.575444611099,0.0171611982882,0.108108108108,0.030303030303,0.0526315789474,0.103203980965,1.0,0.0
6234,0.602719832472,0.414955317649,0.611781352742,0.42529751358,0.648288625772,0.44389499142,0.697339143147,0.464480415632,0.821854311096,0.193298954539,0.849481519359,0.359485525712,0.836791733717,0.384560400286,0.813778623126,0.35722436101,0.677712396728,0.303331784737,0.628311970454,0.253656863983,0.575687481866,0.227089032932,0.62963866026,0.214884662705,0.348103706878,0.0917974322397,0.0,0.121212121212,0.105263157895,0.0,0.0,0.0
2351,0.440086170968,0.140518740069,0.51149789371,0.195441638893,0.530394452249,0.310400425151,0.516534949743,0.41601650512,0.342512323921,0.0940604946486,0.407599592792,0.276097692984,0.434090598146,0.393403632177,0.443079811279,0.430380814415,0.8857014911,0.669521720196,0.776380621334,0.704081807975,0.622191237629,0.652274352658,0.595104429326,0.61608865604,0.597043068352,0.0224108416548,0.27027027027,0.0909090909091,0.0,0.169215343635,1.0,0.0
456201,0.176478428062,0.309379725449,0.249457821019,0.35130152379,0.391941489955,0.461211769104,0.490273677749,0.575063838059,0.315407827478,0.224270883849,0.367849254774,0.501416984267,0.388550468757,0.596791640046,0.394921325001,0.601142046357,0.575453226477,0.779320514837,0.599304801217,0.768355660604,0.516368999645,0.720595747579,0.520558780151,0.689227165213,0.576987358046,0.0985164051355,0.216216216216,0.181818181818,0.0,0.274722827781,0.0,0.0
24776148,0.225804309172,0.689598806838,0.28075854192,0.65520273089,0.309804446228,0.778980269232,0.31862438264,0.918437491717,0.186492787742,0.21707417474,0.194627359243,0.581918228356,0.193196995264,0.753395282345,0.188844700245,0.788676774091,0.621138592926,0.679849734663,0.360034759939,0.816239830217,0.118121151552,0.822041979317,0.135294257576,0.820799302664,0.559202914078,0.285320970043,0.27027027027,0.363636363636,0.263157894737,0.326673862981,0.0,0.0
941361,0.605924722091,0.179206988038,0.605330694498,0.29229223392,0.576051909827,0.418813811988,0.530220856369,0.536637302632,0.308494725752,0.948833583327,0.366468257116,0.831901314751,0.39008801819,0.608785036088,0.39805350394,0.552508334656,0.651726437896,0.698805641496,0.659065826635,0.761893912286,0.535212289242,0.719579752756,0.525471002426,0.688282856715,0.601114206128,0.00924393723252,0.162162162162,0.0606060606061,0.0,0.193501305638,1.0,0.0
3442,0.648889855655,0.626195178453,0.586977531363,0.609435206409,0.528878185832,0.624322754111,0.504557257488,0.663584473877,0.40786975014,0.174147672806,0.447816484073,0.416600891535,0.455896436925,0.511648649162,0.452258972902,0.521526234323,0.674153971512,0.576378667195,0.544123397784,0.612459445993,0.40066572101,0.578538102644,0.423111232694,0.556288504406,0.471780587101,0.0715977175464,0.108108108108,0.0606060606061,0.0526315789474,0.0493499961928,1.0,0.0
5323,0.213243281433,0.449627791354,0.285923692643,0.47237037469,0.414034383571,0.566742779422,0.378892447108,0.677801143342,0.337649415345,0.384508678343,0.382219095279,0.755970502672,0.389403938993,0.856528367291,0.381414420868,0.832607358311,0.505313571181,0.634355558263,0.278140343254,0.70392493316,0.0885586253587,0.686727361478,0.148443075313,0.676465380652,0.436168845082,0.178045649073,0.135135135135,0.181818181818,0.105263157895,0.133246141472,0.0,0.0
5323714,0.248086984003,0.65152284832,0.263926716823,0.599544253603,0.332664392267,0.578092136967,0.415338392017,0.636127481732,0.553205845245,0.376029108257,0.634055215646,0.635267498064,0.658025551987,0.68284552177,0.657965071759,0.653079853945,0.729242519571,0.963915590301,0.6739430806,0.812138674348,0.600841419775,0.714261388791,0.626813835102,0.667362791521,0.4819370045,0.102867332382,0.0810810810811,0.212121212121,0.0,0.0787458960851,0.0,0.25
23958199,0.487557762675,0.397228482354,0.535437003195,0.412943915382,0.624304858742,0.44401659168,0.711945789433,0.47836574569,0.704386860554,0.122057878176,0.784882554547,0.279938960678,0.804887582985,0.327243859394,0.801758762938,0.321722694078,0.702727954095,0.22894098758,0.685839669781,0.234570428201,0.655211322093,0.231697903305,0.705867310529,0.230384033922,0.103964002571,0.404621968616,0.162162162162,0.484848484848,0.578947368421,0.279933224002,0.0,0.0
2812,0.507879169867,0.174878735018,0.458607120232,0.288187824932,0.44144312886,0.430564000018,0.439039361621,0.562963322937,0.273004110141,0.222882292571,0.324515787696,0.507693811124,0.345557719997,0.616369467445,0.3527110145,0.630045443721,0.61749421541,0.785584601076,0.580065174886,0.807783530684,0.438723040717,0.766673099409,0.441636138732,0.738431085909,0.677437325905,0.0254208273894,0.108108108108,0.0,0.0,0.155327778905,1.0,0.0
3194,0.893357409379,0.0624640807783,0.681688916428,0.206534757391,0.557647111289,0.344178274988,0.505550687122,0.467939599035,0.314259979449,0.17026384644,0.373625184172,0.405708529719,0.397821370634,0.514343367892,0.405972877504,0.537644864264,0.721314279427,0.669085325219,0.629676298066,0.725200146118,0.501434604597,0.685841913476,0.505947000333,0.657760808473,0.507092350546,0.0289728958631,0.027027027027,0.0606060606061,0.0,0.110112570921,1.0,0.25
23846567,0.228924507688,0.541319192403,0.302242239558,0.444397593874,0.433429214886,0.484059106734,0.55098595872,0.543339194359,0.611084374959,0.222713124091,0.674393410775,0.427801456825,0.686776423373,0.492798269307,0.680512807845,0.487314454675,0.690760815378,0.458760220052,0.631231805344,0.475664607622,0.560269512234,0.452526364782,0.603596745801,0.43932590901,0.484293979001,0.30940085592,0.351351351351,0.515151515152,0.263157894737,0.470275530973,0.0,0.25
16362,0.54824562381,0.522958954227,0.466375654892,0.548340069349,0.411117800522,0.647107039754,0.3975576169,0.773955839084,0.304143959003,0.94888997282,0.355420275845,0.835156244127,0.367252803096,0.826582830973,0.368080428822,0.833996467693,0.803273235485,0.903938555587,0.717158374973,0.970843695164,0.543779618943,0.928250332043,0.50249179314,0.897887563729,0.714248982216,0.0585306704708,0.189189189189,0.0606060606061,0.0,0.230006712152,1.0,0.0
3760,0.45646275575,0.187753704246,0.457363229861,0.288824793322,0.462693156733,0.418430996356,0.504068619335,0.537834542354,0.3163101726,0.220647858891,0.368978313671,0.489066293816,0.389781811311,0.576568598303,0.396215695477,0.577641292269,0.836068335517,0.780593333521,0.765179230936,0.784065552756,0.597625648796,0.734507497928,0.560932965412,0.699855175764,0.66805228198,0.0385877318117,0.162162162162,0.030303030303,0.0,0.200943540497,1.0,0.25
43507,0.588411493563,0.616064955043,0.562982932344,0.604281145287,0.548576270431,0.633857115191,0.520900386468,0.693546391935,0.315667963009,0.417052464785,0.378300047868,0.734990114937,0.404916249161,0.795106491995,0.414771632537,0.752292030481,0.551676241753,0.657920887046,0.514655659353,0.702199310199,0.373948225281,0.660470422631,0.408820590894,0.63431199408,0.323119777159,0.348402282454,0.297297297297,0.272727272727,0.210526315789,0.267124466595,0.0,0.25
5344,0.432642268794,0.352658032963,0.397970932733,0.40559635044,0.411920529801,0.524687104518,0.380439128205,0.652884419979,0.33764128611,0.385340423372,0.382247088474,0.756932698885,0.389644995472,0.857401304345,0.382002321962,0.833366407366,0.505029928591,0.626073145253,0.277488594395,0.696223126784,0.088026693317,0.682090111362,0.148336029307,0.67373233394,0.425412470538,0.152068473609,0.0810810810811,0.121212121212,0.105263157895,0.105716079156,0.0,0.0
6604200,0.248109271135,0.503205229712,0.263926716823,0.483741606147,0.332606417375,0.547984813479,0.415136475425,0.635544324377,0.553204219398,0.37621237411,0.63402722245,0.636906238489,0.657960401587,0.686988809959,0.657866264852,0.658522186061,0.696007343765,0.963924681864,0.626669563328,0.812310489621,0.556715239047,0.714823307716,0.599862029592,0.668347959522,0.439554317549,0.131212553495,0.0810810810811,0.242424242424,0.0526315789474,0.0870634621525,0.0,0.25
2733526,0.173652419692,0.228388610403,0.246146945532,0.281145287107,0.387883247486,0.416426843933,0.436426560916,0.547598010196,0.232772524485,0.0816407087032,0.284009633392,0.310699170857,0.306773687057,0.487351901168,0.315974606625,0.544362200349,0.844273342066,0.700005727684,0.645057571149,0.780472372478,0.448765272897,0.750059597462,0.430378467101,0.726304893606,0.677437325905,0.0177888730385,0.216216216216,0.0606060606061,0.0,0.172398657058,1.0,0.0
4055,0.556496320172,0.252909747268,0.53661153165,0.358761231054,0.497259571432,0.485702962092,0.462219386416,0.60540127411,0.269656491032,0.139235527636,0.31184420107,0.392816603898,0.327172277202,0.526241879471,0.330904330213,0.560188125099,0.700902327244,0.668512556811,0.531835759287,0.730414366147,0.35319481608,0.697120023612,0.362249631286,0.67374141383,0.441011356332,0.0487018544936,0.0,0.0606060606061,0.0,0.0448479271991,1.0,0.0
54682933,0.551740246148,0.442073406327,0.547358004596,0.564282221853,0.555230004237,0.692788203874,0.507016601582,0.814834286118,0.224770105225,0.172878909202,0.265403489259,0.461997008171,0.282055625411,0.610980029983,0.287701010301,0.648153476742,0.492635606944,0.670958186997,0.359026721703,0.749022707256,0.203705793224,0.730608121147,0.255750749322,0.717660838891,0.333447610885,0.259087018545,0.0540540540541,0.30303030303,0.315789473684,0.239804918875,0.0,0.0
4477,0.594250722215,0.373028269615,0.602056812034,0.443832396571,0.590095212612,0.555145717644,0.554285275838,0.665709463937,0.31184884825,0.372335596432,0.358536851643,0.614926068752,0.37503827586,0.648630184645,0.378509497814,0.623372757581,0.709722752261,0.958342462777,0.582098631327,0.801433835806,0.42182210903,0.718172117469,0.425686283838,0.683325237099,0.586458110135,0.0947218259629,0.108108108108,0.181818181818,0.105263157895,0.143988144637,1.0,0.25
23902376,0.239907606465,0.545630554679,0.311698580855,0.534595906357,0.440158762013,0.625065866807,0.431475566073,0.772294724193,0.311569202555,0.216813373332,0.370909844181,0.59537394102,0.394648546169,0.776034715062,0.40224291678,0.814722575012,0.621311357049,0.772365469884,0.4856571801,0.909490702179,0.345626873852,0.902805053865,0.383135496456,0.892721106657,0.623526890936,0.263281027104,0.297297297297,0.242424242424,0.105263157895,0.385635866056,0.0,0.5
4472,0.589579339294,0.37706515731,0.578848314737,0.387541436588,0.535117176177,0.455982957949,0.519422357013,0.539566342985,0.343739838456,0.194948347224,0.411257370375,0.407407407407,0.439921558919,0.497238862146,0.45050515031,0.508999444356,0.704092017094,0.655202509998,0.594247230067,0.685510818013,0.455930236307,0.633418850961,0.469575146296,0.599072943292,0.437197343047,0.118573466476,0.243243243243,0.151515151515,0.157894736842,0.125574836019,0.0,0.25
6473883,0.228920050262,0.451126844839,0.302228367174,0.441351808407,0.433375699601,0.477560248425,0.55087692376,0.531857179462,0.634529089656,0.166725405722,0.71225887361,0.374519841538,0.729717051814,0.444527380493,0.724249685053,0.444078425147,0.702470956718,0.419716506913,0.634890288942,0.41847253234,0.564790934588,0.402163671658,0.608901470098,0.393563266399,0.476537390186,0.280071326676,0.324324324324,0.484848484848,0.263157894737,0.46901372312,0.0,0.0
51039,0.588977586723,0.619122179615,0.565123903504,0.608403497046,0.555051619952,0.639293097159,0.551446328551,0.695105896074,0.338382672372,0.194750983997,0.403615227925,0.453848408994,0.430865653361,0.548248749107,0.44056023516,0.553455905699,0.541379156223,0.652365942645,0.494312404953,0.679960437666,0.372497501531,0.627010704839,0.409611541938,0.592667081315,0.375916010285,0.196904422254,0.135135135135,0.212121212121,0.157894736842,0.170024769058,0.0,0.0
4908,0.178136590702,0.249375359192,0.247830128042,0.364861773374,0.381929671996,0.514121393089,0.39079744939,0.650542954841,0.231198704525,0.153840406455,0.259776856905,0.448383435191,0.268823579233,0.597683553992,0.269742855026,0.633543022702,0.672612846775,0.651320413011,0.477983923528,0.74407741548,0.269592830201,0.729274273195,0.276773395499,0.716180816918,0.462524105421,0.0858345221113,0.162162162162,0.0909090909091,0.105263157895,0.100624697265,1.0,0.0
3926,0.595231356034,0.349140535631,0.589303467633,0.344528127537,0.550266461525,0.433036538626,0.503123649683,0.551052775741,0.302698580961,0.94888997282,0.359246012603,0.832735719279,0.382530571825,0.617571337302,0.390549119383,0.572982814732,0.695517415655,0.69268702025,0.609020204215,0.760347574827,0.481583867952,0.722735580252,0.483621961083,0.694843076811,0.608956503107,0.0507560627675,0.27027027027,0.121212121212,0.0526315789474,0.249247362329,1.0,0.0
9552079,0.963892617031,0.865249871103,0.789260000832,0.900574617258,0.674671661427,0.943473894226,0.620247388209,0.989432481865,0.346046915443,0.246904216806,0.403755193904,0.525426786641,0.426226944902,0.609948952159,0.432868117481,0.603791276393,0.632547901217,0.667085181572,0.500656093852,0.708511653931,0.387665624295,0.666447196649,0.438918359579,0.638075608239,0.501178487251,0.182796005706,0.351351351351,0.30303030303,0.526315789474,0.260677857,0.0,0.5
4167,0.593430555747,0.0742935129833,0.60655146423,0.217260049073,0.53228978527,0.355203365175,0.474855326762,0.479518806825,0.280626081188,0.0723646370208,0.33106619551,0.272805177818,0.352339876605,0.437063136121,0.359918978337,0.489269130021,0.797541076604,0.693550718643,0.706304583967,0.757785286188,0.531230858506,0.7164636569,0.504020172225,0.685636068953,0.583158345832,0.0407132667618,0.0540540540541,0.030303030303,0.0,0.132697779743,1.0,0.0
6602476,0.466585571221,0.35943544379,0.537910911554,0.387402380109,0.601752625594,0.4148595517,0.639352736172,0.444940226371,0.721037160361,0.161565767066,0.783697509259,0.345977192943,0.785759425634,0.389937186486,0.768989452363,0.374910700111,0.690495222771,0.411456822808,0.617084510102,0.322995532056,0.548631483929,0.2877989806,0.598654788525,0.274562235832,0.422112706235,0.181968616262,0.216216216216,0.212121212121,0.210526315789,0.206610158321,0.0,0.0
2794,0.492269262434,0.203360751233,0.397485399317,0.374209957341,0.308564675452,0.547241700782,0.265326478938,0.707387543405,0.26629911684,0.221578285534,0.264974260256,0.593419479963,0.256210461851,0.760011892186,0.246404663686,0.790552071757,0.602262608343,0.692750661184,0.367838366283,0.805490170299,0.140107675941,0.806603398758,0.162085494077,0.804146785492,0.685751017784,0.0602139800285,0.108108108108,0.0606060606061,0.0526315789474,0.23758971665,1.0,0.25
5770,0.177953836217,0.49323124568,0.247034778065,0.52610448973,0.368002318996,0.640954967371,0.446704115464,0.759513858823,0.255601043143,0.184875773946,0.303810153879,0.508107254809,0.323484764579,0.66909992599,0.330173159104,0.705905699317,0.702838832561,0.743517943561,0.538135998262,0.853426631517,0.364881201844,0.833609562838,0.378764451211,0.815560206477,0.538632954789,0.168017118402,0.27027027027,0.30303030303,0.0,0.324150887137,0.0,0.0
5281881,0.598097481242,0.636844792225,0.603656760244,0.581282997878,0.511592748679,0.570323231504,0.446966607034,0.626854396211,0.237492358519,0.993310796332,0.282861912365,0.980056980057,0.302363004997,0.75919588581,0.30962132253,0.623546396253,0.719343393191,0.715761404683,0.677610254182,0.801262020533,0.483042651278,0.768426967568,0.451139445264,0.7421674604,0.580758517249,0.0741940085592,0.162162162162,0.0909090909091,0.0526315789474,0.212711882301,1.0,0.0
2764,0.444062195363,0.601285554487,0.375997077551,0.614943637269,0.321644703102,0.717567634515,0.291535252618,0.850950281418,0.189401428144,0.946373591672,0.195019263984,0.82729329695,0.192278374628,0.75850639205,0.187179803868,0.782128115574,0.606792294548,0.679877009349,0.35894851184,0.807469781055,0.116751023566,0.810656026155,0.133236595461,0.808087457495,0.442468395115,0.10637660485,0.0810810810811,0.151515151515,0.105263157895,0.146690921702,0.0,0.0
3396,0.571009700697,0.343393460157,0.569720286511,0.358119776971,0.551314469195,0.43990920514,0.533172876948,0.550672839888,0.304143959003,0.948882924134,0.363314357057,0.832720684963,0.38785987452,0.618121667183,0.396482474125,0.571226583585,0.575561526375,0.694387142349,0.535103193569,0.757486477017,0.472178342306,0.7171390948,0.530615157714,0.687442966945,0.633940432826,0.0507560627675,0.189189189189,0.121212121212,0.0526315789474,0.23898205635,1.0,0.0
470071,0.730055133908,0.1945226697,0.765172919258,0.13649066303,0.827230361005,0.104427600557,0.893198237672,0.0830115659542,0.862334651353,0.049583281643,0.969693633134,0.0774718294507,1.0,0.0550329881647,1.0,0.031011866963,0.834451572755,0.355400069641,0.907243102325,0.15908376144,0.939722428189,0.0616578311065,0.975783814644,0.016657057117,0.358388686522,0.0920399429387,0.243243243243,0.121212121212,0.210526315789,0.0654073329464,0.0,0.0
54675785,0.551740246148,0.442022734096,0.547358004596,0.563618339307,0.554351461636,0.690360702399,0.507598121368,0.809744912836,0.230933691453,0.172075358919,0.274557264281,0.456306519631,0.292590445042,0.601067766483,0.298871131092,0.636767740911,0.492635606944,0.641947012558,0.359131001521,0.722847023898,0.204366678487,0.707149425026,0.257350492412,0.696046162158,0.306792371973,0.259087018545,0.0540540540541,0.30303030303,0.315789473684,0.217764872472,0.0,0.0
26987,0.443349007131,0.131342843666,0.506332742986,0.243411638579,0.55106027159,0.369160372727,0.514960000323,0.484276840701,0.29925178518,0.0779894889984,0.356782611373,0.268663223808,0.380973477272,0.415979808586,0.389719141368,0.463600373075,0.608084157616,0.688986754503,0.609237453834,0.735636056406,0.500064476611,0.688316627124,0.504614872258,0.654877943587,0.595757445897,0.0177888730385,0.162162162162,0.0606060606061,0.0,0.154721829596,1.0,0.0
21637995,0.42949532572,0.547632107783,0.486869789186,0.527104799243,0.577394251566,0.533131566977,0.665638238157,0.556645784921,0.654114043417,0.158210592202,0.731359564202,0.344353486834,0.747340234932,0.40456204495,0.740463898426,0.404032386093,0.69819568932,0.434654852485,0.626947642842,0.423701692829,0.558407750089,0.397191540566,0.606011227937,0.382676479,0.517463038354,0.218787446505,0.27027027027,0.333333333333,0.210526315789,0.363945184303,0.0,0.0
23874514,0.222942641391,0.491373263895,0.293710723815,0.54557239684,0.412946239436,0.688248460856,0.460406175417,0.834202178888,0.224548990024,0.209024574541,0.256697605369,0.552977170391,0.268054804516,0.715770430206,0.270444384062,0.749940466741,0.582380122327,0.636119321297,0.466191614165,0.76695872773,0.258873593604,0.774784030151,0.269696465103,0.775195558118,0.555174630384,0.293223965763,0.135135135135,0.454545454545,0.263157894737,0.476649196301,0.0,0.0
2265,0.508668134349,0.361040064421,0.462944552084,0.454665344882,0.459513456864,0.588761433802,0.459360247469,0.717614886417,0.488711743819,0.378383369611,0.473682196981,0.671455096257,0.452313164941,0.776895000854,0.431835585307,0.775212335291,0.634319378118,0.984098858009,0.481233977841,0.885003290636,0.313420806602,0.807556958146,0.33660616585,0.771677100973,0.530619241483,0.163552068474,0.0810810810811,0.0909090909091,0.0,0.11208846476,0.0,0.25
2724387,0.489291701565,0.376841354959,0.499780353931,0.480718249144,0.44050215176,0.63615400898,0.393006416909,0.782804810165,0.410427207575,0.288012157575,0.371926930294,0.673356937209,0.343029884488,0.821281952343,0.320519724329,0.832547825052,0.620665855277,0.83588821379,0.39873126222,0.863137929566,0.182364034946,0.832145168065,0.203137637376,0.814965473721,0.323976858796,0.203195435093,0.0540540540541,0.151515151515,0.210526315789,0.126192942706,0.0,0.0
22526,0.440161947218,0.118336548909,0.359849623365,0.272801898345,0.314103507481,0.426857443963,0.308245869796,0.568949521546,0.285420704187,0.19478622743,0.324095889759,0.507483330702,0.335921975881,0.651267972699,0.336892028753,0.679254643594,0.685452401335,0.84305236467,0.488481425158,0.867649948045,0.301283084561,0.817972324074,0.318069365812,0.786904075508,0.625498178702,0.0116547788873,0.108108108108,0.0606060606061,0.0,0.179441618032,1.0,0.25
5353562,0.614411662054,0.699032287078,0.625145082009,0.755623937451,0.643936049234,0.829435369462,0.661208188122,0.903081014694,0.683829650248,0.278136947524,0.665771506472,0.561885002518,0.639294812074,0.649983869641,0.61308697478,0.638623194158,0.621306199911,0.447510321196,0.504844666522,0.489775870711,0.389882007802,0.48923272525,0.437241305486,0.490073410906,0.306320977073,0.136148359486,0.0810810810811,0.212121212121,0.105263157895,0.0512491065927,0.0,0.25
54719543,0.425131505224,0.595622932731,0.484294150016,0.591335435628,0.548192744219,0.644175122388,0.549419085964,0.72585419299,0.27659072877,0.160036202055,0.325094313742,0.390929797262,0.344293802242,0.512926426588,0.350314947015,0.545141093824,0.699715325983,0.638210380564,0.585600695199,0.706061418731,0.41630935878,0.678179382684,0.415933203292,0.657397612897,0.639511463467,0.190470756063,0.351351351351,0.242424242424,0.210526315789,0.312703116192,0.0,0.0
23307,0.183449843032,0.305575085478,0.247108764109,0.438108652453,0.284389145316,0.605263039376,0.235911269773,0.768323069175,0.098106863676,0.19465935107,0.116843599216,0.547151373009,0.124287417503,0.731413715233,0.126695155991,0.778218764883,0.646558985625,0.722770999008,0.387920921138,0.868090691571,0.132418840066,0.870179700537,0.135799752605,0.865535917773,0.499292907649,0.052667617689,0.108108108108,0.151515151515,0.0,0.16785371731,1.0,0.0
657255,0.729056670383,0.203529658668,0.704310149498,0.234494081128,0.589136397083,0.330604083066,0.540409567616,0.429159634908,0.326429444741,0.0396516820986,0.38688462791,0.209743740087,0.412213093927,0.351913819606,0.421233604229,0.399249880933,0.764048903421,0.663439465198,0.754551379535,0.70096672237,0.623617782649,0.647977659466,0.594129121271,0.610368325714,0.67499464324,0.0821112696148,0.324324324324,0.0606060606061,0.105263157895,0.15067470248,1.0,0.25
2157,0.175640431889,0.267828496458,0.186551186782,0.413370056206,0.241358396325,0.571381604133,0.315793512016,0.717424918491,0.244033141267,0.166485750375,0.289542955092,0.493072938983,0.30813533041,0.657176111888,0.314467801299,0.69656393872,0.734067881688,0.812841104043,0.601581577232,0.842348281511,0.419428414843,0.823949098092,0.408416194871,0.807656162748,0.732161988429,0.0608844507846,0.297297297297,0.0909090909091,0.0,0.34758967186,0.0,0.25
4993,0.688052804457,0.322377152567,0.589428319083,0.363592322288,0.502125002787,0.47586685222,0.457914524668,0.591189022505,0.297804781291,0.225701767247,0.345314732166,0.511948522503,0.360887609045,0.617666221764,0.363011634513,0.625491149389,0.65437290921,0.69766010468,0.5082859005,0.755424693739,0.344820916213,0.715640644334,0.363349826348,0.687937820917,0.488022284123,0.111012838802,0.0540540540541,0.0606060606061,0.105263157895,0.0938191250911,0.0,0.0
24776152,0.223932190063,0.464234061789,0.296864378957,0.472724744428,0.429192588133,0.540409567689,0.546030925545,0.626699771155,0.401876877853,0.166295435834,0.471946618842,0.401220786445,0.499442964083,0.511477857129,0.50782303683,0.534360612796,0.471869531285,0.594479967198,0.418709537258,0.593335659065,0.343902124504,0.56873006323,0.419769018507,0.55661084048,0.489136490251,0.242596291013,0.216216216216,0.424242424242,0.157894736842,0.493331038362,0.0,0.0
5337,0.64042966025,0.264686818168,0.535663585456,0.379772216515,0.424737440631,0.531298555659,0.367334741365,0.674112231284,0.303776517566,0.384339509863,0.324543780892,0.756647046885,0.324214449056,0.859811369689,0.317293678828,0.839101444674,0.505227618881,0.654657016277,0.277453834456,0.746146668987,0.086721041942,0.73539862188,0.145689614159,0.726849686971,0.454681808442,0.151711840228,0.0810810810811,0.121212121212,0.105263157895,0.126852640423,0.0,0.0
2955,0.693562183551,0.183315661393,0.494365500308,0.339544522745,0.36276674025,0.496237147528,0.30473252109,0.640518833332,0.317721407853,0.365695733571,0.345445367079,0.734772117358,0.342215504492,0.844794322114,0.329441987995,0.830513772027,0.504754881231,0.651502244252,0.268729089724,0.736786471714,0.0668622457204,0.724614319283,0.121384223798,0.716385114429,0.425155346047,0.134893009986,0.0540540540541,0.121212121212,0.105263157895,0.0935567816733,0.0,0.0
5405,0.592926866558,0.178316001319,0.608988379567,0.26966639902,0.561892657257,0.395272902508,0.512900451082,0.515016301899,0.302404302642,0.0699187427399,0.362306602009,0.278007051094,0.3878729046,0.440105764547,0.397411259047,0.492831203366,0.549372720115,0.691059630646,0.551466434934,0.75153270429,0.46540829814,0.710526614524,0.489081307389,0.680805567788,0.677608742233,0.0623395149786,0.243243243243,0.0909090909091,0.105263157895,0.236487874295,1.0,0.0
4135,0.175698378433,0.58120668316,0.248033589664,0.516630706362,0.385515196111,0.474939087277,0.466782701402,0.512529047421,0.296684572662,0.115185408655,0.353927305403,0.284298912267,0.378022164166,0.420977056937,0.386764814861,0.466646491507,0.731916495622,0.663757669869,0.678001303498,0.711410102887,0.517021825333,0.669637079838,0.502265807127,0.640318340923,0.690850653525,0.0263338088445,0.324324324324,0.0909090909091,0.0,0.2076812873,1.0,0.0
5566,0.562010156692,0.637001031602,0.541693448073,0.582045565668,0.494169063705,0.572165250249,0.461076538503,0.623589598593,0.303700102754,0.993296698959,0.346322487214,0.979951739846,0.361688958962,0.758841650484,0.365116221624,0.618803579933,0.717761011349,0.683750014774,0.652513578101,0.745855330046,0.474193236403,0.711820730835,0.457163756601,0.68652135817,0.585686736662,0.0499572039943,0.135135135135,0.0909090909091,0.0,0.195421531484,1.0,0.0
3372,0.562010156692,0.63701369966,0.541688823946,0.582153222297,0.494164604098,0.572620125293,0.461076538503,0.624610123965,0.303700102754,0.993317845019,0.346322487214,0.980124634478,0.361688958962,0.759436259781,0.365116221624,0.620252222575,0.717761011349,0.6839591207,0.652513578101,0.746400656783,0.474193236403,0.712564280119,0.457163756601,0.687402107442,0.555303192629,0.0788159771755,0.189189189189,0.121212121212,0.0526315789474,0.214634027733,1.0,0.0
5340,0.690798579151,0.235005559166,0.564231446843,0.349538646487,0.438254509778,0.494138417125,0.380475473192,0.628166500261,0.337673803051,0.384022318962,0.382424378714,0.75406866172,0.39002286779,0.852992339661,0.382550700294,0.827948880775,0.50540811871,0.625082164992,0.278635672388,0.690396347954,0.0896869660531,0.672968861745,0.149917931395,0.663117943223,0.40347118063,0.173609129815,0.0810810810811,0.121212121212,0.105263157895,0.0980466932892,0.0,0.0
54676344,0.551740246148,0.441883385462,0.547358004596,0.562622515487,0.558628224853,0.68747832588,0.531739269143,0.804112142927,0.253175279321,0.171906190439,0.29851010881,0.452532906359,0.316696092931,0.592022114405,0.322584788677,0.624746983648,0.493942081902,0.62937338227,0.364032152944,0.701564340711,0.211950739869,0.68411642506,0.266288833912,0.672692686603,0.311420612813,0.259087018545,0.0540540540541,0.30303030303,0.315789473684,0.219054834253,0.0,0.0
5154,0.256939432935,0.626334527087,0.325806794693,0.511786158049,0.211380917341,0.690230094713,0.136443118077,0.881451178243,0.0,0.215361343874,0.0,0.634350404799,0.0,0.85144888574,0.0,0.9066518495,0.657119085192,0.806058798768,0.314646969368,0.988137275921,0.00422321802766,1.0,0.0,1.0,0.545489607885,0.052667617689,0.0,0.151515151515,0.0,0.147323105353,1.0,0.25
3213,0.622114094962,0.165301683458,0.525652348826,0.365036715396,0.401583160524,0.560622233031,0.327698514298,0.738718997676,0.124001729901,0.171779314078,0.154279833049,0.54494884574,0.167899095061,0.739845781121,0.173579033174,0.790318899825,0.705890139208,0.812477441562,0.538101238323,0.959376893236,0.296922853735,0.948076420974,0.27340144631,0.933267352804,0.581315620313,0.0409129814551,0.0,0.0,0.0,0.0922808968562,1.0,0.0
24776142,0.232173971571,0.577119123235,0.304434076122,0.555028237437,0.431930786898,0.577164372025,0.541334345609,0.629801107999,0.409209448122,0.164476874669,0.472394509974,0.374948319539,0.494302597546,0.464566978942,0.498698219006,0.481633989522,0.695434901447,0.515287006976,0.559435150988,0.538922509071,0.426706212321,0.521432382423,0.457092392597,0.511479250183,0.624555388901,0.148445078459,0.162162162162,0.181818181818,0.157894736842,0.265303419359,0.0,0.0
31772,0.248109271135,0.409136456516,0.263880475545,0.452740982636,0.332115860593,0.537707339702,0.313782422757,0.627980950193,0.553199341857,0.379201017266,0.633961904993,0.71646783784,0.651458391697,0.803538557883,0.592678408221,0.773485870773,0.510556661475,0.964015597484,0.297006300239,0.812990280485,0.124891195719,0.716423925259,0.192183262762,0.671081006233,0.474523248339,0.126005706134,0.0810810810811,0.212121212121,0.0,0.118505000841,0.0,0.25
2160,0.594923793609,0.060782184995,0.606838160152,0.210670566229,0.508841171093,0.355671751359,0.451368388746,0.486666902286,0.253407775451,0.0765445082272,0.308345051596,0.272842763608,0.332638395737,0.448253177048,0.342370871724,0.50593844261,0.940820122465,0.701805856966,0.742176841191,0.776901602887,0.543989167929,0.740166418817,0.506553594367,0.711695351551,0.584229697879,0.00462196861626,0.0810810810811,0.030303030303,0.0,0.112179325163,1.0,0.0
4735,0.169319801181,0.820193812836,0.240843070976,0.873086291274,0.384712466832,0.918257603394,0.506253356863,0.95995652827,0.326170935057,0.163172867631,0.381397961535,0.382916506927,0.402694620531,0.490464111534,0.408922263666,0.516699079219,0.823478042625,0.644592657109,0.689472083424,0.703566362155,0.526338695638,0.668121601526,0.51124577763,0.642079839468,0.542146989501,0.100570613409,0.27027027027,0.181818181818,0.210526315789,0.153790830394,0.0,0.0
2993,0.427676695728,0.149850875848,0.348811830368,0.297737865079,0.309505652552,0.446493634001,0.310680983899,0.583285473197,0.288825227944,0.192058385682,0.328808077717,0.488412301077,0.341179613137,0.62516209429,0.342365931379,0.652509326877,0.671962187864,0.645383623006,0.48043449924,0.725543776664,0.298091492311,0.710708244883,0.318527284838,0.699523759801,0.61619884294,0.0742368045649,0.297297297297,0.121212121212,0.105263157895,0.226885465343,1.0,0.5
114811,0.597825578229,0.398558628404,0.478120939438,0.407471370065,0.352844114434,0.457883524966,0.302862773446,0.573707555422,0.321429965012,0.945217607055,0.368194504189,0.80258439889,0.377285964649,0.827677165105,0.370990292221,0.805430425464,0.507385021608,0.663148535213,0.281294807734,0.720770300161,0.0922176730391,0.6906664699,0.151690137495,0.672960543341,0.437540175702,0.131027104137,0.189189189189,0.151515151515,0.105263157895,0.163884653358,0.0,0.25
54679384,0.521639245322,0.440384331977,0.521208562035,0.558805190844,0.519615581867,0.682672863776,0.498814749603,0.799415959073,0.251999791892,0.173097418489,0.294703034182,0.457388990371,0.311529666235,0.599163751605,0.316700837389,0.632416851881,0.49581584204,0.625063981868,0.369515533348,0.693743010667,0.218229149876,0.684156156702,0.270933441172,0.676556179546,0.342918362974,0.23485021398,0.0810810810811,0.30303030303,0.263157894737,0.227400554248,0.0,0.0
441243,0.592654963545,0.391198486927,0.540888849841,0.433353817997,0.438053827458,0.537004760425,0.382494639114,0.662343055568,0.238092296086,0.201658696952,0.269145246429,0.506438445752,0.278798105426,0.648946466186,0.279712471902,0.678282267027,0.642319818194,0.70885181754,0.496380621334,0.803293922894,0.30490183436,0.781277315503,0.310082544365,0.763414401613,0.537433040497,0.23787446505,0.432432432432,0.30303030303,0.263157894737,0.363928547891,0.0,0.0
5284373,0.574522152741,0.381140049177,0.534433567468,0.461165113869,0.528151269873,0.568787465265,0.551462481878,0.677673025438,0.565744377821,0.257808535114,0.664493150532,0.586458591736,0.698510010359,0.704498156079,0.686708000889,0.707746269249,0.665278537023,0.619363572475,0.556576145992,0.604585824344,0.457985428286,0.595032409667,0.505768590323,0.596930089392,0.641482751232,0.397717546362,0.405405405405,0.69696969697,0.263157894737,0.704198198533,0.0,0.0
3634,0.556848456861,0.305410400729,0.510771905649,0.468037195365,0.391107543425,0.647935723004,0.307963186567,0.816018272264,0.122491317977,0.16477291951,0.125614800562,0.542844041525,0.125349369018,0.738220093999,0.123469110491,0.787664708684,0.661467412045,0.745154424727,0.390336736911,0.889709535075,0.125181340469,0.889029526285,0.124762119987,0.882442671848,0.502335547461,0.115278174037,0.189189189189,0.121212121212,0.105263157895,0.162779611693,0.0,0.0
4583,0.181430628849,0.601332004032,0.253707394443,0.618307906931,0.320775079715,0.735141123857,0.300472080993,0.87813336632,0.184302771744,0.946387689046,0.187610398166,0.82837576769,0.183841397867,0.772694781987,0.178282241929,0.796798102873,0.590151069762,0.663366732702,0.332244188573,0.796817234118,0.0862132886295,0.806177702603,0.107099528998,0.807519964407,0.436511677737,0.107004279601,0.0540540540541,0.181818181818,0.0526315789474,0.165903417951,0.0,0.0
5215,0.690740632607,0.320654296731,0.564189829693,0.361600674648,0.438718308917,0.499340206,0.380665274788,0.632160244573,0.337673803051,0.384790625811,0.382396385519,0.755699884987,0.389853476751,0.854858400754,0.382160413013,0.829685267503,0.505098690431,0.624291199095,0.277332174669,0.687482958539,0.0873819272059,0.669398689991,0.147414244255,0.659699364862,0.381058495822,0.151711840228,0.0810810810811,0.121212121212,0.105263157895,0.0948211489746,0.0,0.0
9801,0.722285839603,0.0582076134182,0.682044974267,0.189013640992,0.562472406181,0.318101774913,0.513740424106,0.434633361902,0.308774371448,0.0327157743969,0.371898937098,0.223402416015,0.399189529028,0.38497789192,0.40965837512,0.439429869821,0.801110675619,0.687168442097,0.747625461655,0.737989178626,0.59973725781,0.690252125643,0.57392716114,0.655758692859,0.624598242983,0.0171611982882,0.216216216216,0.030303030303,0.0526315789474,0.145500778392,1.0,0.0
36294,0.48711202003,0.37837418993,0.538188359221,0.3908743064,0.636167413651,0.417408653435,0.731765922133,0.445501294433,0.704897376533,0.10729792825,0.785517066985,0.246780777124,0.807200422175,0.287183639388,0.80575550231,0.281200388951,0.700835284451,0.216006422279,0.682867694982,0.205981860789,0.654042683517,0.199129309464,0.707782244636,0.19598033296,0.105763874009,0.382553495007,0.162162162162,0.424242424242,0.526315789474,0.233822849088,0.0,0.0
5440,0.562077018089,0.115823206277,0.541101559718,0.256698260897,0.490365018842,0.394142470467,0.455624790512,0.518608021064,0.309676716569,0.106184235753,0.350894709193,0.35844815792,0.365786919103,0.500483910758,0.368999333053,0.538840490554,0.870874719366,0.686595673689,0.685422550511,0.747536131631,0.495929913924,0.711480173911,0.472631904467,0.68467814062,0.602228412256,0.0860485021398,0.162162162162,0.0909090909091,0.0,0.190381978415,1.0,0.0
2913,0.595102090667,0.0757769425305,0.606754925852,0.236665156483,0.506236760541,0.391629398439,0.447572356811,0.531600943655,0.245937008181,0.0726606818618,0.299676491967,0.306827834532,0.323491279619,0.490571647258,0.333087962849,0.549953365614,0.843596897466,0.705506122712,0.664453617206,0.791722537756,0.478746897063,0.762206127754,0.45946524573,0.738512804914,0.573901864153,0.00462196861626,0.0,0.030303030303,0.0,0.118574745799,1.0,0.0
5328,0.746387144426,0.27688193497,0.565096158737,0.359357828207,0.439150890807,0.500466134328,0.381351791202,0.634245473904,0.337673803051,0.385904318307,0.382424378714,0.75821061573,0.39002286779,0.8584387078,0.382545759949,0.833669034767,0.50540811871,0.625927680261,0.278644362372,0.693765421355,0.0896869660531,0.677651519451,0.149911984395,0.668243540794,0.416970216413,0.191997146933,0.0810810810811,0.121212121212,0.105263157895,0.107654221138,0.0,0.0
3627,0.596613158234,0.0925072239599,0.607841595879,0.218237930122,0.563074453141,0.343989119029,0.517168967843,0.457827120351,0.308270358857,0.0883933505509,0.367084107423,0.270647753497,0.391684202983,0.408515564215,0.400484153842,0.453559096682,0.652177687471,0.687341181776,0.664123397784,0.731430317328,0.545891227957,0.682379584748,0.537269851087,0.647686671176,0.530233554746,0.00924393723252,0.0810810810811,0.0606060606061,0.0,0.136141516998,1.0,0.0
6634,0.747920499125,0.243058221126,0.563214138733,0.356940039743,0.436622293576,0.500394074915,0.378492652255,0.634532634723,0.337647789498,0.385248790445,0.382228426344,0.755985536988,0.389469089393,0.855313846173,0.381577452264,0.830424472138,0.505055714281,0.630909856253,0.277688464045,0.696544346643,0.088026693317,0.678230466222,0.14803273229,0.667803166157,0.420569959289,0.151711840228,0.0810810810811,0.121212121212,0.105263157895,0.116861195377,0.0,0.0
3386,0.171561886686,0.636844792225,0.241999102919,0.581484854058,0.379945146833,0.569980949293,0.486400917509,0.612434505244,0.330975313138,0.993219163405,0.390178493947,0.979154921107,0.41388094416,0.752965139449,0.421505323222,0.585395499286,0.718947153088,0.66170297685,0.687282207256,0.702864160604,0.543618427415,0.656162377541,0.531316903754,0.623729382976,0.581315620313,0.0303281027104,0.189189189189,0.0606060606061,0.0526315789474,0.13260372003,1.0,0.0
5966,0.314560584672,0.62262700889,0.380357630042,0.578457011362,0.465877316208,0.581654574196,0.496109067266,0.634802124106,0.345807915924,0.205683497051,0.401571724633,0.451585744462,0.42242216156,0.546547154415,0.427947533533,0.559171098587,0.734433178963,0.594952728423,0.64081685857,0.657191178854,0.486895128792,0.633617509167,0.485959132214,0.616006937036,0.608742232698,0.0842796005706,0.513513513514,0.242424242424,0.0,0.290944609067,0.0,0.25
65863,0.456346862663,0.187804376476,0.457358605733,0.315725493538,0.462688697126,0.478195272002,0.467751901045,0.627181317759,0.252237165563,0.220894562925,0.297147773281,0.496515797307,0.315490810536,0.619291908886,0.321670824791,0.655357001111,0.83520107681,0.783639006801,0.729298283728,0.846837889302,0.518061510687,0.820464065569,0.476771016699,0.798635292622,0.65232483394,0.0788730385164,0.162162162162,0.030303030303,0.0,0.214792713508,1.0,0.0
23760132,0.23723760802,0.534140626419,0.31199914916,0.591452063643,0.437558811069,0.769157670499,0.452684884928,0.948986984988,0.31739623844,0.319576176567,0.354655128493,0.774891189139,0.364855268387,0.967226906703,0.364399871551,0.994607278933,0.471388198405,0.672649217535,0.433004562242,0.854173654444,0.337833263484,0.892139946192,0.355041866882,0.91082186619,0.217613027641,1.0,0.378378378378,0.969696969697,0.894736842105,1.0,0.0,0.25
3336,0.731646435151,0.0655449523913,0.682026477756,0.192839937021,0.562463486967,0.321740775269,0.51372830911,0.438309020384,0.3087727456,0.0344004105155,0.371889606033,0.228288568658,0.399183013988,0.388153358594,0.40964849443,0.441984838863,0.800933613882,0.686713863996,0.747347382142,0.737660488538,0.599576066282,0.690223745899,0.573832009135,0.655958450426,0.620655667452,0.0171611982882,0.189189189189,0.030303030303,0.0526315789474,0.136525434194,1.0,0.0
439530,0.177993953055,0.357991285221,0.247432453054,0.449327370352,0.386688072781,0.586167294935,0.421969332908,0.717981568693,0.331820753613,0.280892984019,0.393509684246,0.646235031459,0.419014795656,0.780728333133,0.427883309043,0.786925504048,0.64740303721,0.839879409521,0.503949598088,0.862577662371,0.33592314388,0.819834035259,0.352425186736,0.793804791458,0.414698950075,0.229500713267,0.243243243243,0.242424242424,0.210526315789,0.236381017342,0.0,0.0
2726,0.562139422059,0.124329806968,0.541915406207,0.264467480969,0.493379713247,0.400587284216,0.459469282429,0.523715065782,0.310746523939,0.102427285748,0.351594539087,0.356907140548,0.366132216221,0.497770215135,0.369083318924,0.535486783616,0.871247752347,0.692405181827,0.686143819248,0.749142230924,0.496550501306,0.711031773961,0.472923307484,0.68314363931,0.578958645811,0.045335235378,0.108108108108,0.0606060606061,0.0,0.138709283182,1.0,0.0
4189,0.456378064648,0.187014734218,0.457358605733,0.285532294746,0.462693156733,0.414679403168,0.504068619335,0.533809873031,0.316662981413,0.220640810204,0.369752792088,0.488930984973,0.390817702667,0.576113152884,0.397391497666,0.576797904429,0.836220471087,0.780575150397,0.766865087986,0.783340940517,0.600124117476,0.733389336028,0.563329606546,0.698515892076,0.66805228198,0.0385877318117,0.162162162162,0.030303030303,0.0,0.200943540497,1.0,0.25
54676345,0.551722416442,0.440523680611,0.547173039485,0.560473868596,0.558316052356,0.687793585812,0.538160216778,0.808768566051,0.244104678538,0.172716789408,0.28519467868,0.458899939111,0.301496504681,0.603781462106,0.306573129462,0.638667844102,0.494277295872,0.658493655453,0.364510102107,0.72681371564,0.210701505529,0.70735943513,0.262768209715,0.694856696645,0.332590529248,0.259087018545,0.0540540540541,0.30303030303,0.315789473684,0.241094880656,0.0,0.0
28693,0.276815097482,0.645353504259,0.355946859524,0.590379983044,0.352830735612,0.557834434491,0.352954241662,0.614449048835,0.234534942705,0.191980850128,0.28127563127,0.503619511535,0.300675609645,0.658675286393,0.307541437146,0.694093308462,0.731785848126,0.854725930317,0.683215294373,0.911784062565,0.481430736001,0.871751938336,0.4482135211,0.843017792043,0.568030854939,0.0663338088445,0.162162162162,0.121212121212,0.0526315789474,0.192875520608,1.0,0.5
3198,0.456293373545,0.186047739153,0.457358605733,0.277022935348,0.462693156733,0.401406960039,0.504076695998,0.517176634829,0.317067817333,0.22041525223,0.370545932635,0.487735756865,0.391834048902,0.572944011842,0.398532717437,0.571330766788,0.836386359026,0.779665994194,0.769246143819,0.773472767653,0.603468841678,0.721821752506,0.566315000714,0.686262581322,0.641397043068,0.0385877318117,0.162162162162,0.030303030303,0.0,0.178903494094,1.0,0.0
3455,0.454176095981,0.186111079441,0.522503317812,0.302030673168,0.58422191005,0.427740171772,0.541705872138,0.543732383788,0.308681698165,0.948854729387,0.366906817183,0.832089243699,0.390719977067,0.607678050694,0.39880443643,0.547279330052,0.652499149072,0.694132578612,0.667816641321,0.754789724251,0.542465907992,0.711684508066,0.530329701698,0.679961138073,0.589286479537,0.0224108416548,0.27027027027,0.0909090909091,0.0,0.222979107866,1.0,0.0
3374,0.442876519927,0.601255995686,0.371021516067,0.6141676124,0.310972863291,0.713933137872,0.278022994262,0.845202647181,0.181542083425,0.946317202179,0.187871667993,0.824850220629,0.185593943619,0.753079000803,0.180856161846,0.778749603112,0.605123100884,0.694896269823,0.357723223984,0.820863902134,0.115066572101,0.820129184593,0.131149198344,0.815342289131,0.464238268695,0.0845934379458,0.027027027027,0.0909090909091,0.0526315789474,0.101839795193,1.0,0.0
3037981,0.589365382824,0.774288994709,0.583190370716,0.766223629733,0.598671037082,0.775152112917,0.619577025122,0.799738462762,0.564289244696,0.232306386674,0.600043482764,0.509520480497,0.599820184897,0.597835369132,0.58824691846,0.591661374821,0.650055525186,0.334164908207,0.533295676733,0.421968599638,0.41378671137,0.441038244543,0.455647271516,0.45012643746,0.0885793871866,0.560427960057,0.324324324324,0.69696969697,0.789473684211,0.3734272992,0.0,0.0
6602485,0.489198095609,0.899728101257,0.538373324332,0.894420246623,0.632831627534,0.896810920604,0.698534489373,0.910516270974,0.682938686055,0.208312657186,0.736174393877,0.44172323328,0.735306956108,0.504519663223,0.718084134081,0.490807072551,0.51593727545,0.350785192755,0.522563545514,0.339205929569,0.499854927625,0.343871678151,0.550026166801,0.347187731253,0.097707306621,0.444664764622,0.243243243243,0.575757575758,0.736842105263,0.308095469969,0.0,0.5
37175,0.456271086413,0.185097634831,0.457363229861,0.269769569957,0.462710995161,0.388152531762,0.504302842582,0.498179842194,0.31719138171,0.219971184969,0.370751216071,0.484976959911,0.392075105381,0.566011120459,0.398794555739,0.559945030957,0.837643841174,0.777638575861,0.772591787964,0.754221986827,0.605701344337,0.698550362693,0.567736333793,0.661102207775,0.56781658453,0.0385877318117,0.162162162162,0.030303030303,0.0,0.124831956244,1.0,0.25
102175,0.489287244138,0.376216397449,0.497190842377,0.453418322261,0.451432648784,0.58496480348,0.431770364298,0.712233934457,0.493460843099,0.277551906529,0.476033625427,0.637131753227,0.45263891694,0.767899953823,0.430803053133,0.772617677409,0.646486785693,0.835560917557,0.501290462742,0.849123779458,0.333158709178,0.803436219364,0.350724344641,0.77616256634,0.348103706878,0.17910128388,0.0810810810811,0.151515151515,0.210526315789,0.114649832324,0.0,0.0
667466,0.594923793609,0.10128618789,0.606902897941,0.254545128313,0.510210270475,0.403433631029,0.445347235964,0.5378831388,0.24087249457,0.077319863763,0.285670563008,0.316795585925,0.304838720186,0.489085124014,0.311898821728,0.542556358152,0.93250767554,0.722361878717,0.714464479687,0.80251701905,0.501692511042,0.766389301972,0.463301060945,0.738008871052,0.604413970431,0.0407132667618,0.0810810810811,0.030303030303,0.0,0.13678713775,1.0,0.0
441383,0.176478428062,0.31400356648,0.249457821019,0.355352104463,0.391923651526,0.46130184337,0.490200987776,0.573473408908,0.315433841031,0.32714646607,0.367905241166,0.614144284329,0.388615619157,0.681479185512,0.394990489835,0.65668161613,0.570654509573,0.701433102923,0.579543775798,0.749582974451,0.499073148715,0.705605566971,0.5124946477,0.675620950937,0.580287122348,0.0925534950071,0.216216216216,0.151515151515,0.0,0.275383165359,0.0,0.0
27200,0.597821120802,0.398507956174,0.478120939438,0.407184285721,0.352844114434,0.457383612789,0.302862773446,0.573468991049,0.321413706541,0.365970632352,0.368175842059,0.727818746288,0.377266419529,0.827120509593,0.370975471185,0.805122836958,0.507385021608,0.662884879914,0.281294807734,0.720351967322,0.0922176730391,0.690269153489,0.151690137495,0.672615507543,0.380244268267,0.159885877318,0.189189189189,0.181818181818,0.157894736842,0.162610688127,0.0,0.25
3767,0.607631916421,0.3798479073,0.579088769381,0.388434089472,0.535567596495,0.452055719941,0.519991761803,0.530372778922,0.413374868306,0.192854887277,0.456522367963,0.392786535267,0.467193516232,0.478021595704,0.465276782847,0.487989164947,0.439560061748,0.569223607877,0.575859222246,0.601851720431,0.448886166543,0.56500664086,0.465757172082,0.540471337059,0.333747589458,0.0970185449358,0.0540540540541,0.0909090909091,0.105263157895,0.0224265230475,0.0,0.25
5280954,0.177953836217,0.4918799862,0.246960792021,0.498230394158,0.36666889647,0.611658312278,0.446692000468,0.735220053544,0.255601043143,0.184333025071,0.303810153879,0.507986980282,0.323484764579,0.670029793721,0.330173159104,0.707428758533,0.70289298251,0.744154352904,0.551483814903,0.854980439205,0.380403945969,0.835652904383,0.392192777963,0.817893738054,0.550289265052,0.168017118402,0.297297297297,0.30303030303,0.0,0.340810973889,0.0,0.25
2761171,0.619332660856,0.146911886481,0.551011065538,0.253159049213,0.495939527728,0.365998765983,0.474839173434,0.469618385361,0.388712394157,0.137402869097,0.427502754997,0.365484217727,0.43754356933,0.472872532213,0.436158387471,0.493808541038,0.706946492974,0.581288110692,0.593282641755,0.624015890672,0.442543279925,0.590599493705,0.451305961273,0.567588426773,0.407113777587,0.0555064194009,0.0540540540541,0.030303030303,0.0526315789474,0.0410509861233,0.0,0.25
3229,0.482382690565,0.601365785519,0.409212187351,0.618518734496,0.34274756394,0.729768193876,0.306218627209,0.866068194068,0.231219840537,0.946401786419,0.22598906959,0.83133001075,0.216103875797,0.7893817961,0.206205073735,0.804790442927,0.601540609024,0.705906151442,0.355846187269,0.816575990534,0.115284180663,0.814209170063,0.132838146439,0.809217903726,0.436768802228,0.124764621969,0.0810810810811,0.151515151515,0.105263157895,0.139637722936,0.0,0.0
5332,0.213091728933,0.322706522065,0.285220825222,0.404030843624,0.4176912614,0.521124667288,0.378424000614,0.64714562146,0.337649415345,0.384191487442,0.382237757409,0.754707620143,0.389462574353,0.85428909398,0.381547810192,0.829769606287,0.505296380721,0.630482552838,0.278070823376,0.697074732921,0.0884860891712,0.679218081302,0.148425234312,0.668988091725,0.408613670452,0.16487874465,0.108108108108,0.151515151515,0.105263157895,0.114033645223,0.0,0.0
23789070,0.487682570616,0.391519411054,0.53686123455,0.422673383244,0.63218944411,0.465868608668,0.72906831646,0.506706309586,0.705290831523,0.12664657321,0.786674119077,0.295070999556,0.808835697207,0.347650344431,0.807618012499,0.343263811716,0.702418525815,0.207514903343,0.683823593309,0.230424450957,0.655154905058,0.236346505318,0.708947856701,0.23945484344,0.0245553889008,0.495463623395,0.243243243243,0.575757575758,0.684210526316,0.328594728689,0.0,0.0
1548953,0.173652419692,0.228418169204,0.246142321405,0.292175605905,0.388101768234,0.434423682326,0.455204804,0.567845056858,0.24034572012,0.0761850252061,0.289496299766,0.328003668373,0.310754376478,0.499459158565,0.318909171751,0.553178083823,0.856301506916,0.704069655912,0.653921355638,0.785081503936,0.455140397821,0.754225743833,0.434136971312,0.730036728153,0.701735590315,0.0177888730385,0.243243243243,0.0606060606061,0.0,0.19443870346,1.0,0.0
54675776,0.551722416442,0.440468785695,0.547173039485,0.559747186349,0.558316052356,0.685118380104,0.539694782879,0.803259496187,0.250775529051,0.171899141752,0.29496430401,0.453329725098,0.312650253109,0.5941348751,0.318321270657,0.627530163518,0.494285891102,0.626091328377,0.364709971758,0.69820273754,0.211588058932,0.682305797414,0.264599885818,0.672152433183,0.305935290336,0.259087018545,0.0540540540541,0.30303030303,0.315789473684,0.219054834253,0.0,0.0
31703,0.178279228348,0.359262313669,0.248028965536,0.50736775056,0.386465092425,0.666941393179,0.451731838612,0.811626920664,0.209373333507,0.158788584511,0.240797470162,0.474001909358,0.252457798829,0.640539702822,0.255415853568,0.683074694396,0.520157533375,0.659548276649,0.461212252879,0.771948840882,0.263475611722,0.767853696745,0.269726200105,0.76093105186,0.316605956717,0.293965763195,0.135135135135,0.363636363636,0.315789473684,0.282455559985,0.0,0.25
54680690,0.551722416442,0.440506789868,0.547173039485,0.56023164118,0.558677280532,0.686753228037,0.544011759622,0.806431518771,0.249364293797,0.172470085374,0.291138567252,0.456246382368,0.307646702413,0.598727283078,0.312728799743,0.632570646134,0.49572988974,0.659657375393,0.368724744732,0.727605559942,0.217004094265,0.70668399723,0.26982135211,0.692877280755,0.327876580244,0.259087018545,0.0540540540541,0.30303030303,0.315789473684,0.232119536458,0.0,0.0
3117,0.542767446701,0.115901748234,0.553119667803,0.162794766094,0.583379044306,0.219272290003,0.619896053338,0.27269674934,0.857777402026,0.112224960245,0.816440217265,0.303993865999,0.786013512193,0.362218272217,0.757972482277,0.355036513732,0.84470138452,0.569578178796,0.774286334999,0.464406972114,0.692728650182,0.393263784042,0.702192064323,0.355218893434,0.511977715877,0.0814265335235,0.243243243243,0.0606060606061,0.0,0.124426923601,1.0,0.5
5318,0.496066989771,0.168958529424,0.453557572703,0.258124711234,0.458715187192,0.385977238233,0.499985865839,0.503445929827,0.316358948012,0.220041671836,0.369836771675,0.486848732231,0.391208605065,0.571742141985,0.397999160141,0.570050801715,0.876263069047,0.779966015741,0.785991744514,0.775534550931,0.611125439247,0.723921853538,0.57036490794,0.688196597765,0.673066209556,0.061512125535,0.162162162162,0.0,0.0,0.189184796623,1.0,0.0
3948,0.454323191054,0.601315113288,0.39251446196,0.617747195321,0.341525631592,0.733177504853,0.309792550893,0.875389876035,0.186621229661,0.949587792802,0.190549683724,0.856805658916,0.186831801213,0.796023708464,0.181167403602,0.80420999365,0.60721689891,0.68431369162,0.355098848577,0.815963431734,0.109449047358,0.820106480798,0.125142728008,0.817875578275,0.46110992072,0.10637660485,0.0810810810811,0.151515151515,0.105263157895,0.159492000765,0.0,0.0
2788,0.598668031828,0.331624834629,0.563607189594,0.450193109079,0.473440809865,0.589680191318,0.416921418101,0.722584977513,0.21371109348,0.153487972121,0.239752390852,0.454570056153,0.248066661889,0.609385971016,0.248953881876,0.647463883156,0.673615910115,0.789866726792,0.482450575711,0.800358122791,0.270632515555,0.7741142682,0.273365764308,0.755097222916,0.51922005571,0.0472467902996,0.0,0.030303030303,0.0526315789474,0.130153688452,1.0,0.25
30323,0.178279228348,0.342337788689,0.248028965536,0.505017247489,0.386469552032,0.664991285315,0.451715685285,0.809713987824,0.209365204271,0.157435236667,0.240788139096,0.472408271881,0.252451283789,0.639072156471,0.255405972878,0.681764962692,0.523733149052,0.659602826021,0.466547903541,0.771889079048,0.263749637319,0.767666390437,0.269797564109,0.760640495399,0.361045639597,0.265106990014,0.108108108108,0.333333333333,0.263157894737,0.272218407934,0.0,0.0
5329,0.389596901554,0.295482866241,0.358702839677,0.384881420709,0.383927575981,0.512315404051,0.379639538499,0.641813265946,0.337655918734,0.385220595699,0.382340399127,0.756150914462,0.389859991791,0.855680732761,0.382333325099,0.830890816003,0.5054339044,0.628291486389,0.278757332175,0.697732113096,0.0898884554628,0.681006005154,0.150114182406,0.670885788611,0.423955431755,0.152068473609,0.0810810810811,0.121212121212,0.105263157895,0.0967407349583,0.0,0.0
4539,0.448528536667,0.601281331801,0.381014256186,0.614827009254,0.325801056927,0.717004670351,0.294503426525,0.849806056001,0.189469713721,0.946373591672,0.195149898898,0.827135436634,0.192454280707,0.754888131219,0.187382358027,0.778149309414,0.608501885793,0.679267874693,0.359991310015,0.805878622221,0.117677874851,0.808504841584,0.133956182502,0.805585947963,0.43449753589,0.10637660485,0.0810810810811,0.151515151515,0.105263157895,0.139005539285,0.0,0.0
6857,0.20832228263,0.286243629551,0.281711112241,0.370742516743,0.390773072892,0.505402204117,0.387578898908,0.637850446646,0.208672593421,0.163828395493,0.243540803349,0.442505017703,0.256640454489,0.587714359815,0.260222809574,0.624518772821,0.723056532547,0.734762769326,0.578109928308,0.825854015286,0.37167542474,0.794837157031,0.353763261811,0.769901982594,0.554746089565,0.0361768901569,0.189189189189,0.0606060606061,0.0,0.108967857812,1.0,0.0
2090,0.991562091728,0.84821555629,0.969749418516,0.861212662214,0.950667826165,0.882772846212,0.942280122927,0.909491327743,0.759620137091,0.228211099708,0.842025998214,0.473738808831,0.809402505684,0.531593363148,0.770125731789,0.509207810764,0.793704165936,0.456860992744,0.69256571801,0.424837167678,0.592604532706,0.401516613502,0.612404253295,0.388156192258,0.687765159631,0.182796005706,0.621621621622,0.30303030303,0.526315789474,0.262818835234,0.0,0.5
5568,0.562019071545,0.636984140859,0.541688823946,0.581879595032,0.494160144491,0.571377100419,0.461072500172,0.621703172906,0.303700102754,0.993247358152,0.346322487214,0.979590916266,0.361688958962,0.75743103481,0.365116221624,0.615157167804,0.717761870872,0.683113605432,0.652522268086,0.744286581899,0.474193236403,0.709754685496,0.457163756601,0.684137887201,0.600985643883,0.045335235378,0.135135135135,0.0606060606061,0.0,0.160177932823,1.0,0.0
4748,0.562130507206,0.188095741801,0.541915406207,0.266831441119,0.493384172854,0.403591260995,0.459469282429,0.527501170733,0.310746523939,0.10846801024,0.351594539087,0.363146381616,0.366132216221,0.503849146356,0.369083318924,0.54117717098,0.859484320581,0.693214330847,0.686143819248,0.75112931191,0.496542441729,0.713665414174,0.472923307484,0.686194482151,0.533276194558,0.0788159771755,0.162162162162,0.121212121212,0.0526315789474,0.193165378091,1.0,0.0
5959,0.597830035655,0.398499510802,0.598986391192,0.407054200627,0.609289361607,0.448718468377,0.558521485945,0.538444206862,0.329227527542,0.372194622698,0.387425829695,0.612024445798,0.409633138099,0.634656866156,0.415789343675,0.592728012383,0.695222599266,0.958142448412,0.623349989138,0.796115032566,0.537549566395,0.695519406069,0.528712117608,0.647164577535,0.437883008357,0.123580599144,0.189189189189,0.212121212121,0.157894736842,0.141434455417,0.0,0.5
47472,0.495260195583,0.168498256664,0.452637371276,0.266302129358,0.458037326911,0.393863240242,0.501924265125,0.509825317865,0.328567433633,0.220048720522,0.378841249654,0.486495425809,0.398088487273,0.570489667082,0.403458241731,0.567897682172,0.975727070505,0.780611516645,0.825218335868,0.778642166307,0.635046261968,0.726328455801,0.585131309767,0.689694779518,0.704263981144,0.061512125535,0.189189189189,0.0,0.0,0.198160140821,1.0,0.0
43815,0.17057679544,0.624843918973,0.243039531668,0.483741606147,0.387896626307,0.548872045001,0.507505239736,0.645992560326,0.330528205195,0.946324250866,0.391363539236,0.821798254516,0.412551876006,0.575335100293,0.418580638787,0.514595570726,0.775309514232,0.664857748875,0.6094286335,0.708377189804,0.449119894258,0.661389926326,0.455766211523,0.629345294574,0.52684808228,0.0566619115549,0.108108108108,0.121212121212,0.0526315789474,0.145426554401,1.0,0.0
5456,0.177998410482,0.573664966191,0.247450949565,0.506672468163,0.387058220171,0.462157548899,0.478368675468,0.506352880886,0.3341278306,0.220464593037,0.395487870082,0.484232761278,0.420643555648,0.567080152068,0.429197440901,0.562197372599,0.661818956952,0.639792312357,0.550067347382,0.674133658836,0.42376446694,0.631602547366,0.454237832437,0.602432502372,0.807285193915,0.0545649072753,0.594594594595,0.0909090909091,0.0,0.262168095585,0.0,0.25
4034,0.60593809437,0.095525599822,0.60389259076,0.226523004876,0.556576805583,0.358905417517,0.512625844516,0.479315585322,0.308263855469,0.0931935061859,0.367065445292,0.294244112186,0.391658142823,0.438846964013,0.40045451177,0.485488768058,0.651773711661,0.700169375801,0.662063871388,0.756209067813,0.54445662336,0.711236108115,0.536472953042,0.678562835105,0.606899507178,0.00924393723252,0.135135135135,0.0606060606061,0.0,0.18483373506,1.0,0.0
15541,0.489746359063,0.514015305547,0.537180299366,0.527158627557,0.581140321538,0.550412314954,0.627419465567,0.581359286781,0.66866537466,0.143295571169,0.702619883194,0.336836328921,0.700008469552,0.396844775345,0.686164562903,0.391604818225,0.505012738131,0.26272886871,0.461012383228,0.247643329421,0.398610529031,0.255054432348,0.477211094724,0.260733564265,0.272766230984,0.184750356633,0.0540540540541,0.272727272727,0.263157894737,0.147334622869,0.0,0.25
3607,0.616693864397,0.110024614036,0.610236894066,0.120593367455,0.644930541619,0.138426132346,0.700703073574,0.158017971849,0.756192851476,0.107220392696,0.849938741557,0.211728269776,0.870806757399,0.222010665014,0.866487167453,0.20334576917,0.720494294486,0.444486467664,0.752491853139,0.3283666269,0.748146297431,0.244139582931,0.7946381845,0.200783594456,0.640068566531,0.046362339515,0.324324324324,0.0909090909091,0.0526315789474,0.151979381087,1.0,0.0
4011,0.72705082848,0.0648241399128,0.635530872989,0.212271958588,0.499569647914,0.356167159823,0.440335666143,0.486392995043,0.241838247727,0.0333572048856,0.295085607858,0.268249780123,0.318761360601,0.445020779697,0.328350171677,0.503070923956,0.777935356994,0.687286632404,0.645387790571,0.757112965554,0.464682936265,0.721691205685,0.448808221133,0.695070074046,0.589929290765,0.0171611982882,0.108108108108,0.030303030303,0.0526315789474,0.112179325163,1.0,0.0
4822,0.595102090667,0.0848460049802,0.606611577891,0.240765079778,0.495292884697,0.391224064241,0.431419029427,0.527099145586,0.234673139706,0.0727523147887,0.280267876222,0.310924685595,0.300063195888,0.487143155351,0.30760072129,0.542501785998,0.841627730275,0.706369821105,0.650506191614,0.786500847498,0.451964924724,0.753311916087,0.429516152053,0.727448959672,0.55508892222,0.0407132667618,0.0,0.030303030303,0.0,0.122432473764,1.0,0.0
5337997,0.248113728561,0.409660069565,0.263986830484,0.457132475968,0.333110352978,0.549718743104,0.416824498136,0.648038028928,0.325201930206,0.376029108257,0.380240909443,0.635493012802,0.401495853177,0.684958282465,0.407692117679,0.658403119543,0.721211996191,0.964206520286,0.628042580925,0.81671792489,0.487950933299,0.726124121647,0.487796755317,0.684219606205,0.537090207842,0.131098430813,0.135135135135,0.212121212121,0.105263157895,0.110777387533,0.0,0.5
449215,0.602719832472,0.414955317649,0.611781352742,0.42529751358,0.648288625772,0.44389499142,0.697339143147,0.464480415632,0.821854311096,0.193298954539,0.849481519359,0.359485525712,0.836791733717,0.384560400286,0.813778623126,0.35722436101,0.677712396728,0.303331784737,0.628311970454,0.253656863983,0.575687481866,0.227089032932,0.62963866026,0.214884662705,0.348103706878,0.0917974322397,0.0,0.121212121212,0.105263157895,0.0,0.0,0.0
37768,0.489291701565,0.40707578581,0.542128116084,0.43886673455,0.621695988583,0.479249140917,0.66459634854,0.520529789622,0.703292665479,0.164237219321,0.773535979188,0.35398296612,0.780632089178,0.403442408294,0.766380950028,0.391540323861,0.676771219044,0.228357309298,0.604866391484,0.253335644124,0.538097617589,0.259510052105,0.59142323612,0.262985376838,0.0,0.473523537803,0.297297297297,0.545454545455,0.684210526316,0.30938223244,0.0,0.0
5452,0.562081475515,0.11526918989,0.541055318441,0.256159977751,0.490280286307,0.393444394904,0.455523832215,0.517728867173,0.309636070393,0.101102132651,0.350820060671,0.355606672229,0.365695708543,0.498231986185,0.368900526147,0.536925504048,0.870826586078,0.686813871178,0.685379100587,0.747409137734,0.495865437313,0.711099885346,0.472548646463,0.684137887201,0.631754874652,0.0814265335235,0.108108108108,0.0606060606061,0.0,0.171799106369,1.0,0.0
2335,0.176478428062,0.581202460475,0.249406955613,0.516567906662,0.391303766138,0.473880714649,0.488452390087,0.499346156905,0.320423565678,0.115058532294,0.381276657687,0.272842763608,0.406707885153,0.399122002442,0.41578440333,0.442580171456,0.732256866729,0.661502962485,0.696311101456,0.701810858277,0.550598020568,0.654964752358,0.536924925068,0.622585316911,0.681165631026,0.0263338088445,0.324324324324,0.0909090909091,0.0,0.198705943102,1.0,0.0
4106,0.597847865361,0.0890893820141,0.598052317382,0.226693461205,0.555791914732,0.362648003279,0.504024197684,0.485566855456,0.311816331309,0.0928551692249,0.364275456779,0.295845266822,0.38575551661,0.448411317819,0.392895783415,0.496130338149,0.866382852172,0.695978165705,0.77361720617,0.760997484774,0.602759598955,0.719057565472,0.563870783577,0.68758370523,0.566530962074,0.0814265335235,0.0540540540541,0.0606060606061,0.0,0.162823762171,1.0,0.0
4543,0.728089408843,0.0613801173147,0.642564171333,0.210576366678,0.508997257342,0.355356491427,0.451477423706,0.486163266388,0.253409401298,0.0335193246794,0.308354382661,0.269610385705,0.332644910777,0.446412418478,0.342380752415,0.504435227814,0.938574188868,0.701551293229,0.742142081251,0.77636374638,0.544005287082,0.739490980917,0.506571435368,0.710946260675,0.573987572316,0.0171611982882,0.0810810810811,0.030303030303,0.0526315789474,0.103203980965,1.0,0.0
5447130,0.248118185988,0.569539402093,0.264000702867,0.532676029803,0.333163868263,0.547629020127,0.417046606388,0.630110358112,0.553249743116,0.375866988463,0.63438180293,0.633764066482,0.658937657583,0.679151353369,0.659664550552,0.648222932211,0.65461357565,0.963842857805,0.614946773843,0.811443943026,0.558504465005,0.712717530735,0.606915171987,0.665201777842,0.443068352261,0.139358059914,0.108108108108,0.212121212121,0.105263157895,0.061455545268,0.0,0.5
4746,0.721175940417,0.00758816651402,0.75638245236,0.0273941264337,0.804468526323,0.059399474867,0.834787805853,0.0885294715357,0.639026182641,0.0315527410933,0.749461830811,0.0368566252471,0.793518838238,0.0470373908038,0.807534026628,0.0603270360375,0.940111875514,0.462010453478,1.0,0.387964116007,1.0,0.304599788855,0.991923973548,0.252829520536,0.69329333619,0.0171611982882,0.108108108108,0.030303030303,0.0526315789474,0.112233713433,1.0,0.0
6321424,0.223900988078,0.464217171045,0.296808889423,0.472195432668,0.429103395991,0.537973058787,0.546143998837,0.621879887256,0.4018785037,0.166013488367,0.471955949907,0.397101383909,0.499455994163,0.503741610632,0.507842798212,0.52531155739,0.471869531285,0.53510479389,0.418718227243,0.571515119371,0.343942422386,0.553172287748,0.41981659451,0.542927447144,0.513177630169,0.242596291013,0.216216216216,0.424242424242,0.157894736842,0.494621000143,0.0,0.0
5381226,0.222947098817,0.491575952817,0.293715347942,0.556535430245,0.413392200147,0.707141538198,0.489809269587,0.85345520733,0.21081220816,0.205500231197,0.244054011938,0.525411752325,0.256770755289,0.688197005446,0.260336437517,0.72583445785,0.582352617591,0.632973640834,0.465209645883,0.761968614579,0.254311873368,0.768557514389,0.26446905181,0.768040605265,0.508720805657,0.30907275321,0.135135135135,0.484848484848,0.315789473684,0.46125027754,0.0,0.0
72397,0.483363324384,0.372589110284,0.533379266336,0.373671674195,0.629870448413,0.399132584816,0.725324782839,0.429097784886,0.702819543982,0.105394782844,0.780273008307,0.24430763217,0.800587656605,0.286146235933,0.798675987452,0.281468288617,0.702447749597,0.310024992704,0.677505974365,0.243273245299,0.645217447371,0.220800081734,0.698909320139,0.212192475496,0.214613241911,0.30487874465,0.162162162162,0.363636363636,0.421052631579,0.231299233381,0.0,0.0
2247,0.177998410482,0.250173446822,0.247441701309,0.350350556899,0.386670234352,0.501776714901,0.419057695647,0.64463185983,0.315607806667,0.946373591672,0.354076602447,0.823309203256,0.366014945502,0.7330077742,0.36700343354,0.745311755834,0.642081730323,0.85451682439,0.69907451662,0.897568216266,0.511049679229,0.855393854083,0.480844711927,0.826546872659,0.642254124705,0.0603708987161,0.216216216216,0.0909090909091,0.0526315789474,0.228103122718,1.0,0.0
5311047,0.170188999339,0.358772482107,0.242119330241,0.425041829086,0.386340223426,0.544066582898,0.497009615268,0.658459757725,0.304337434804,0.946366542986,0.348151376006,0.82250486736,0.363897557512,0.590959408427,0.367433243584,0.565436974123,0.709397852568,0.640556003568,0.569889202694,0.698942290238,0.398852316322,0.669699515274,0.403533707598,0.64915761326,0.531990572102,0.1227532097,0.27027027027,0.212121212121,0.105263157895,0.232820185342,0.0,0.0
3955,0.568932539971,0.28986669403,0.535936408995,0.324593708367,0.528146810266,0.428487788181,0.501762731851,0.543604265884,0.296224457943,0.169460296158,0.354963053647,0.385239308722,0.379670469278,0.498358498801,0.388632265395,0.532921892364,0.561595137163,0.701587659477,0.580299804475,0.76216284054,0.456752313098,0.721390380402,0.473773728531,0.69202377115,0.607328047997,0.0624536376605,0.216216216216,0.121212121212,0.0526315789474,0.239919454172,1.0,0.0
2801,0.558274833326,0.103287318725,0.535187300295,0.237849379404,0.491850068009,0.370696138967,0.465861961741,0.491473532608,0.319475696838,0.099191938558,0.371003154833,0.337129498079,0.390446345388,0.475067526109,0.395840229232,0.514119304652,0.881144300159,0.684031853197,0.713586791223,0.734948795313,0.536751668332,0.695911046531,0.513107188734,0.66784402566,0.567345189629,0.00924393723252,0.108108108108,0.0606060606061,0.0,0.136141516998,1.0,0.0
5311507,0.598101938668,0.187973283911,0.603656760244,0.257308315129,0.510223649296,0.4066718009,0.445351274296,0.541837122384,0.24087249457,0.0905925407978,0.285670563008,0.325289974366,0.304845235226,0.495644803178,0.311898821728,0.548400539768,0.85946970869,0.723152844613,0.714429719748,0.804392046596,0.501684451465,0.768875367518,0.463301060945,0.740891735939,0.558731519177,0.0741940085592,0.135135135135,0.0909090909091,0.0526315789474,0.19124323266,1.0,0.0
637858,0.184849474937,0.368860478658,0.247677531826,0.4753264463,0.366713492541,0.583379496395,0.459957920582,0.684874135204,0.29558875174,0.19357385332,0.344278983922,0.431725413256,0.363115752715,0.526418997134,0.368638687844,0.544382044769,0.69612939603,0.582333640325,0.548989789268,0.64548532959,0.378372932719,0.625024122782,0.390557352871,0.609986970359,0.422198414399,0.0928245363766,0.162162162162,0.181818181818,0.0,0.137729014606,0.0,0.25
2798,0.902811610883,0.57344116384,0.704439625076,0.499244160749,0.588057172163,0.443070811884,0.539755357857,0.430308278184,0.330798095808,0.102906596443,0.392268652566,0.226168730127,0.417783453101,0.349320310968,0.426727268236,0.393003849817,0.909303992656,0.680377045261,0.854460134695,0.711447454034,0.677085012412,0.654102008151,0.627087397117,0.613609846232,0.681337047354,0.0,0.351351351351,0.030303030303,0.0,0.15157946734,1.0,0.25
74989,0.564296816461,0.377609883787,0.545351133143,0.475810901131,0.520190871184,0.596827584343,0.487232813869,0.714601906748,0.256500136571,0.161671497367,0.297782285719,0.432559817784,0.312793583989,0.569642032552,0.316468641158,0.603478726782,0.660954276815,0.694378050787,0.477827503802,0.760482038954,0.297470904929,0.729200485861,0.317462771778,0.707591241539,0.623398328691,0.0775606276748,0.0540540540541,0.0909090909091,0.0526315789474,0.169404102923,1.0,0.25
7251185,0.236083134569,0.48251829162,0.310667400362,0.467081742781,0.443690770843,0.500524682601,0.558065154446,0.553040812179,0.479394014281,0.158302225129,0.55545965294,0.355471363387,0.580320670267,0.425265834635,0.584106909073,0.428803183045,0.717719754245,0.498443070002,0.631475124919,0.490067209653,0.532246365131,0.455199736636,0.56052856939,0.436393104732,0.476494536105,0.055392296719,0.0,0.0909090909091,0.0,0.0935663796032,1.0,0.0
4621,0.564880739327,0.316494951146,0.533726075919,0.320175300878,0.536138426205,0.365210616153,0.538087526804,0.444524947648,0.340327185464,0.181809595236,0.40787952475,0.399326462651,0.436716159254,0.472455040579,0.447481658968,0.479957136053,0.693204439264,0.673249260629,0.612748207691,0.713867808317,0.534237080499,0.662638635048,0.577525096341,0.626616787808,0.521919862867,0.0914265335235,0.378378378378,0.181818181818,0.0526315789474,0.233908590595,1.0,0.0
12560,0.228933422541,0.451063504551,0.302265360196,0.441472922115,0.433473810957,0.47987966078,0.55113941533,0.536301545367,0.60739857966,0.165400252625,0.670278410994,0.373099098693,0.684398433784,0.444805708249,0.680221327471,0.445636212097,0.679334316628,0.403782635298,0.605187920921,0.403285556237,0.527894193881,0.392049131012,0.574795423189,0.386635310782,0.4587958003,0.276619115549,0.189189189189,0.424242424242,0.263157894737,0.404292322232,0.0,0.0
5335,0.612994200442,0.224972457531,0.493829101486,0.354742050231,0.425308270341,0.5034340814,0.375326600088,0.641769087359,0.337647789498,0.386249703955,0.38225641954,0.759992182156,0.389631965392,0.862670554821,0.381943037818,0.840083743451,0.50540811871,0.647220118536,0.278609602433,0.728404874474,0.0895177149489,0.713302153455,0.149620581379,0.702656321646,0.483222626955,0.140356633381,0.108108108108,0.121212121212,0.105263157895,0.13582798462,0.0,0.0
68617,0.732885599704,0.122666068734,0.6685147764,0.250862374457,0.5451066961,0.38098262017,0.491537675617,0.500123700045,0.283494075413,0.052367512885,0.338810979678,0.287779356381,0.36202774104,0.439220176232,0.370412271818,0.48730949357,0.794289501098,0.707588090417,0.704983706279,0.760362515286,0.539274315742,0.714993586178,0.515313525858,0.68230374954,0.593571887722,0.0171611982882,0.0540540540541,0.030303030303,0.0526315789474,0.130623347156,1.0,0.0
2782,0.485048231583,0.179608143196,0.422312341335,0.320937868668,0.394371975829,0.471430694608,0.398312784955,0.612001555086,0.315202970748,0.239207050942,0.353806001555,0.575445955393,0.365786919103,0.711374116784,0.366805819727,0.727749444356,0.641367466711,0.82997869847,0.699343906148,0.873185387933,0.510856249396,0.833308737555,0.480850658928,0.805812945198,0.567430897793,0.0300427960057,0.108108108108,0.030303030303,0.0,0.143169121284,1.0,0.0
37393,0.593270088395,0.636857460282,0.582963788455,0.582081451211,0.406457511093,0.594872972766,0.317279618135,0.723733620789,0.0901239545803,0.993346039766,0.11876579866,0.980613249743,0.132887270263,0.773555067779,0.139663562483,0.72823563264,0.719039122049,0.806849764665,0.579587225722,0.938363138303,0.311591282762,0.9190212394,0.273050573291,0.899435684873,0.764688236555,0.0334807417974,0.297297297297,0.0606060606061,0.0526315789474,0.254881987053,0.0,0.25
1547484,0.605924722091,0.0833376615864,0.604595458182,0.209437000686,0.560724240194,0.340503244925,0.51733857778,0.459563338841,0.313256831809,0.0918119635949,0.375239458462,0.276751685723,0.401606608857,0.420085142991,0.411382555641,0.468353111605,0.651803794966,0.692459731199,0.664184227678,0.747222382002,0.552064863471,0.701314549727,0.546767210619,0.668039243282,0.587315191772,0.00924393723252,0.162162162162,0.0606060606061,0.0,0.170479071074,1.0,0.0
6769,0.17796275107,0.839529491449,0.24746019782,0.780730360515,0.38456084019,0.740896869469,0.446692000468,0.796164415031,0.255601043143,0.20340677125,0.303810153879,0.52214930579,0.323484764579,0.680580945935,0.330173159104,0.715768375933,0.702791558797,0.744418008202,0.534138605257,0.855570587317,0.36027112415,0.836578084027,0.374672914982,0.819110443235,0.558302978359,0.205534950071,0.351351351351,0.363636363636,0.0,0.361285277991,0.0,0.0
4917,0.562134964633,0.125045129955,0.541920030334,0.265696560819,0.493384172854,0.40242930296,0.459473320761,0.526158141672,0.310746523939,0.107784287632,0.351594539087,0.361560261296,0.366132216221,0.502204482342,0.369083318924,0.539609461819,0.871232280933,0.693014316483,0.686143819248,0.75061386609,0.496542441729,0.71296727248,0.472923307484,0.68537275216,0.56365973859,0.0499572039943,0.108108108108,0.0909090909091,0.0,0.173952881842,1.0,0.0
5388973,0.466719294015,0.360208195304,0.538206855732,0.39043919419,0.602466162731,0.420002792302,0.64028962916,0.451116392907,0.721037160361,0.161565767066,0.783697509259,0.345977192943,0.785759425634,0.389937186486,0.768989452363,0.374910700111,0.688636074524,0.407736555625,0.614060395394,0.312148759158,0.545278700152,0.278887741086,0.595931062372,0.267656979938,0.365931004928,0.210827389444,0.216216216216,0.242424242424,0.263157894737,0.194807263969,0.0,0.0

