ZINC01535869 0 0 0 0 0 0 0 0 0 0 0 0 0 0 0 0 0 0 0 0 1 0 0 0 0 1 0 0 0 0 0 0 0 0 1 0 0 0 0 0 0 0 0 0 0 0 0 0 0 0 0 0 0 0 0 0 0 0 0 0 0 0 0 0 0 0 0 0 0 0 0 0 0 0 0 0 0 0 0 0 0 0 0 0 0 0 0 0 1 0 0 0 0 0 0 1 0 0 0 0 0 0 0 0 0 0 0 0 0 0 0 0 0 0 0 0 1 0 0 0 0 0 0 0 0 0 0 0 0 0 0 0 0 0 0 0 0 0 0 0 0 0 0 0 0 0 0 -1.47527 2.08833 -1.7981 2.49839 -2.33318 3.03097 -3.09836 3.62941 -0.768535 1.23022 -1.53738 1.84841 -2.30638 2.54064 -3.07548 3.27577 -0.875668 1.09985 -1.5456 1.87953 -2.2296 2.66344 -2.92327 3.44959 2.362 105.2 7 4 2 281.377 0 0
ZINC03775164 0 0 0 0 0 0 0 0 0 0 0 0 0 0 0 0 0 0 0 0 0 0 0 0 0 1 0 0 0 0 0 0 0 0 0 0 0 0 0 0 0 0 0 0 0 0 0 0 0 0 0 0 0 0 0 0 0 0 0 0 0 0 0 0 0 0 0 0 0 0 0 0 0 0 0 0 0 0 0 0 0 0 0 0 0 0 0 1 0 0 1 0 0 0 1 0 0 0 0 0 0 0 0 0 0 0 0 0 0 0 1 0 0 0 0 0 1 0 0 0 0 0 0 0 0 0 0 0 0 0 0 0 0 0 0 0 0 0 0 0 0 0 0 0 0 0 0 -1.49951 2.07536 -1.86793 2.48004 -2.37418 3.01451 -3.08273 3.62518 -0.765006 1.2527 -1.53036 1.90343 -2.29586 2.61973 -3.06146 3.36331 -0.87937 1.10084 -1.55803 1.88039 -2.24963 2.66362 -2.94546 3.44908 1.423 125.51 8 6 2 350.44 0 0
ZINC03809801 0 0 0 0 0 0 0 0 0 0 0 0 0 0 0 0 0 0 0 0 0 0 0 0 0 1 0 0 0 0 0 0 0 0 0 0 0 0 0 0 0 0 0 0 0 0 0 0 0 0 0 0 0 0 0 0 0 0 0 0 0 0 0 0 0 0 0 0 0 0 0 0 0 0 0 0 0 0 0 0 0 0 0 0 0 0 0 1 0 0 1 0 0 0 1 0 0 0 0 0 0 0 0 0 0 0 0 0 0 0 1 0 0 0 0 0 1 0 0 0 0 0 0 0 0 0 0 0 0 0 0 0 0 0 0 0 0 0 0 0 0 0 0 0 0 0 0 -1.49001 2.07561 -1.85787 2.48077 -2.37031 3.01677 -3.08272 3.63152 -0.765006 1.25459 -1.53036 1.9109 -2.29586 2.6336 -3.06146 3.38306 -0.880209 1.10144 -1.56124 1.88205 -2.25584 2.66669 -2.95472 3.45382 2.585 150.81 6 6 2 408.545 0 0
ZINC03812851 0 0 0 0 0 0 0 0 0 0 0 0 0 0 0 0 0 0 0 0 0 0 0 0 0 1 1 0 0 0 0 0 1 0 0 0 0 0 0 0 0 0 0 0 0 0 0 0 0 0 0 0 0 0 0 0 0 0 0 0 0 0 0 0 0 0 0 0 0 0 0 0 0 0 0 0 0 0 0 0 0 0 0 0 0 0 0 0 0 0 0 0 0 0 0 0 0 0 0 0 0 0 0 0 0 0 0 0 0 0 0 0 0 0 0 0 0 0 0 0 0 0 0 0 0 0 0 0 0 0 0 0 0 0 0 0 0 0 0 0 0 0 0 0 0 0 0 -1.53073 2.07591 -1.92264 2.48124 -2.44969 3.01639 -3.0871 3.62618 -0.764708 1.25026 -1.52946 1.89693 -2.29424 2.60907 -3.05904 3.34848 -0.874564 1.10148 -1.54803 1.8812 -2.23478 2.66394 -2.92512 3.44846 1.478 120.93 9 7 3 349.407 0 1
ZINC03812885 0 0 0 0 0 0 0 0 0 0 0 0 0 0 0 0 0 0 0 0 1 0 0 0 0 1 0 0 0 0 0 0 0 0 0 0 0 0 0 0 0 0 0 0 0 0 0 0 0 0 0 0 0 0 0 0 0 0 0 0 0 0 0 0 0 0 0 0 0 0 0 0 0 0 0 0 0 0 0 0 0 0 0 0 0 0 0 0 1 0 0 0 0 0 0 0 0 0 0 0 0 0 0 0 0 0 0 0 0 0 0 0 0 0 0 0 0 0 0 0 0 0 0 0 0 0 0 0 0 0 0 0 0 0 0 0 0 0 0 0 0 0 0 0 0 0 0 -1.51169 2.07518 -1.88705 2.47816 -2.39694 3.00595 -2.97715 3.59953 -0.519809 1.23996 -1.14284 1.86732 -1.80451 2.55251 -2.48001 3.25493 -0.868073 0.756089 -1.53719 1.3825 -2.2208 2.08264 -2.90828 2.79453 0.638 96.41 4 4 1 217.29 0 0
ZINC03814157 0 0 0 0 0 0 0 0 0 0 0 0 0 0 0 0 0 0 0 0 1 0 0 0 0 1 0 0 0 0 0 0 0 0 0 0 0 0 0 0 0 0 0 0 0 0 0 0 0 0 0 0 0 0 0 0 0 0 0 0 0 0 0 0 0 0 0 0 0 0 0 0 0 0 0 0 0 0 0 0 0 0 0 0 0 0 0 0 1 0 0 0 0 0 0 0 0 0 0 0 0 0 0 0 0 0 0 0 0 0 0 0 0 0 0 0 0 0 0 0 0 0 0 0 0 0 0 0 0 0 0 0 0 0 0 0 0 0 0 0 0 0 0 0 0 0 0 -1.47514 2.08824 -1.7964 2.4975 -2.26762 3.02686 -2.81947 3.61613 -0.489081 1.22878 -1.10631 1.83625 -1.75923 2.49938 -2.42455 3.17897 -0.867396 0.725252 -1.52785 1.29323 -2.20095 1.97208 -2.87741 2.66212 0.12 105.2 5 4 2 177.225 0 0
ZINC03814158 1 0 0 0 0 0 1 0 0 0 0 0 0 0 1 1 0 0 0 0 0 0 0 0 0 1 0 0 0 0 0 0 0 0 0 0 0 0 0 0 0 0 0 0 0 0 0 0 0 0 0 0 0 0 0 0 0 0 0 0 0 0 0 0 0 0 0 0 0 0 0 0 0 0 0 0 0 0 0 1 0 0 0 0 0 0 0 0 0 1 0 0 0 0 0 0 0 0 0 0 0 0 0 0 0 0 0 0 0 0 0 0 0 0 0 0 0 0 0 0 0 0 0 0 0 0 0 0 0 0 0 0 0 0 0 0 0 0 0 0 0 0 0 0 0 0 0 -1.50145 2.54048 -1.86984 2.91731 -2.37311 3.43616 -2.94927 4.03409 -0.497804 1.4386 -1.12457 2.14178 -1.79165 2.85971 -2.47331 3.5846 -1.12172 0.728775 -1.82329 1.37027 -2.52903 2.08397 -3.2369 2.81139 -2.093 136.98 5 8 4 266.19 0 1
ZINC03814159 0 0 0 0 0 0 0 0 0 0 0 0 0 0 0 0 0 0 0 1 0 0 0 0 0 1 0 0 0 0 0 1 1 0 0 0 0 0 0 0 0 0 0 0 0 0 0 0 0 0 0 0 0 0 0 0 0 0 0 0 0 0 0 0 0 0 0 0 0 0 0 0 0 0 0 0 0 0 0 0 0 0 0 0 0 0 0 1 0 0 0 0 0 0 0 0 0 1 0 0 0 0 0 0 0 0 0 0 0 0 0 0 0 0 0 0 0 1 1 0 0 0 0 0 0 0 1 0 0 0 0 0 0 0 0 0 0 0 0 0 0 0 0 0 0 0 0 -1.46828 2.09094 -1.84073 2.5029 -2.50643 3.04811 -3.28078 3.73912 -0.812739 1.23738 -1.63123 1.97259 -2.45216 2.83329 -3.27432 3.71649 -0.870641 1.19536 -1.5347 2.08544 -2.22382 2.98033 -3.0149 3.87655 2.011 120.99 6 4 2 278.333 0 0
ZINC03814160 0 0 0 0 0 0 0 0 0 0 0 0 0 0 0 0 0 0 0 0 1 0 0 0 0 0 0 0 0 0 1 0 0 0 0 0 0 0 0 0 0 0 0 0 0 0 0 0 0 0 0 0 0 0 0 0 0 0 0 0 0 0 0 0 0 0 0 0 0 0 0 0 0 0 0 0 0 0 0 0 0 0 0 0 0 0 0 0 0 0 0 0 0 1 0 0 0 0 0 0 0 0 0 0 0 0 0 0 0 0 0 0 0 0 0 0 0 0 0 0 0 0 0 0 0 0 0 0 0 0 0 0 0 0 0 0 0 0 0 0 0 0 0 0 0 0 0 -1.50622 2.13022 -2.09703 2.62291 -2.76978 3.38855 -3.48834 4.23797 -0.63111 1.55241 -1.31587 2.44014 -2.09551 3.36419 -2.91455 4.29861 -1.17764 1.33044 -1.9018 2.14237 -2.67217 3.03219 -3.45694 3.94778 -1.317 125.03 2 4 1 243.244 0 0
ZINC03814161 0 0 0 0 0 0 0 0 0 0 0 0 0 0 0 0 0 0 0 0 1 0 0 1 0 1 0 0 0 0 0 1 0 0 0 0 0 0 0 0 0 0 0 0 0 0 0 0 0 0 0 0 0 0 0 0 0 0 0 0 0 0 0 0 0 0 0 0 0 0 0 0 0 0 0 0 0 0 0 0 0 0 0 0 0 0 0 0 1 0 0 0 0 0 0 0 0 0 0 0 0 0 0 0 0 0 0 1 0 0 0 0 0 0 0 1 0 1 0 0 0 0 0 0 0 0 0 0 0 0 0 0 0 0 0 0 0 0 0 0 0 0 0 0 0 0 0 -2.2356 2.20641 -2.35618 2.62881 -2.60971 3.16233 -3.0824 3.75819 -0.764922 1.22941 -1.5302 1.84339 -2.29567 2.52925 -3.06126 3.25706 -0.859026 1.10018 -1.51316 1.87799 -2.18717 2.65859 -2.8753 3.44067 2.096 102.4 7 4 1 254.307 0 0
ZINC03814162 0 0 0 0 0 0 0 0 0 0 0 0 0 0 0 0 0 0 0 0 1 0 0 0 0 1 0 0 0 0 0 0 0 0 0 0 0 0 0 0 0 0 0 0 0 0 0 0 0 0 0 0 0 0 0 0 0 0 0 0 0 0 0 0 0 0 0 0 0 0 0 0 0 0 0 0 0 0 0 0 0 0 0 0 0 0 0 0 1 0 0 0 0 0 0 0 0 0 0 0 0 0 0 0 0 0 0 0 0 0 0 0 0 0 0 0 0 0 0 0 0 0 0 0 0 0 0 0 0 0 0 0 0 0 0 0 0 0 0 0 0 0 0 0 0 0 0 -1.49422 2.15572 -1.86527 2.56097 -2.38798 3.12628 -2.99157 3.7784 -0.647038 1.2451 -1.34064 1.90148 -2.05501 2.62964 -2.77905 3.37991 -0.849897 0.903109 -1.53917 1.6177 -2.25851 2.36968 -2.98698 3.13177 0.368 96.41 4 4 1 201.247 0 0
ZINC03814163 0 0 0 0 0 0 0 0 0 0 0 0 0 0 0 0 0 0 0 1 1 0 0 0 0 0 0 0 0 0 1 1 0 0 0 0 0 0 0 0 0 0 0 0 0 0 0 0 0 0 0 0 0 0 0 0 0 0 0 0 0 0 0 0 0 0 0 0 0 0 0 0 0 0 0 0 0 0 0 0 0 0 0 0 0 0 0 0 0 0 0 0 1 0 0 0 0 0 0 0 0 0 0 0 0 0 0 0 0 0 0 0 0 0 0 0 0 0 0 0 0 0 0 0 0 0 0 0 0 0 0 0 0 0 0 0 0 0 0 0 0 0 0 0 0 0 0 -1.61279 2.09064 -2.11522 2.50807 -2.80145 3.15614 -3.57395 3.97947 -0.754854 1.34311 -1.58164 2.14147 -2.43206 3.00561 -3.29182 3.8881 -1.07344 1.04672 -1.81237 1.89828 -2.64197 2.77764 -3.49501 3.66634 -0.281 116.83 4 6 3 267.237 0 1
ZINC03814164 0 0 0 0 0 0 0 0 0 0 0 0 0 0 0 0 0 0 0 0 1 0 0 0 0 1 0 0 0 0 0 1 0 0 0 0 0 0 0 0 0 0 0 0 0 0 0 0 0 0 0 0 0 0 0 0 0 0 0 0 0 0 0 0 0 0 0 0 0 0 0 0 0 0 0 0 0 0 0 0 0 0 0 0 0 0 0 0 1 0 0 0 0 0 0 0 0 0 0 0 0 0 0 0 0 0 0 0 0 0 0 0 0 0 0 0 0 1 0 0 0 0 0 0 0 0 0 0 0 0 0 0 0 0 0 0 0 0 0 0 0 0 0 0 0 0 0 -1.47513 2.09084 -1.79622 2.50147 -2.3155 3.03544 -3.07895 3.63749 -0.764922 1.22941 -1.5302 1.84339 -2.29567 2.52925 -3.06126 3.25706 -0.870558 1.09993 -1.53395 1.87737 -2.21206 2.65759 -2.90018 3.43934 1.565 105.2 7 4 2 253.323 0 0
ZINC03814165 0 0 0 0 0 0 0 0 0 0 0 0 0 0 0 0 0 0 0 1 0 0 0 0 0 1 0 0 0 0 0 1 1 0 0 0 0 0 0 0 0 0 0 0 0 0 0 0 0 0 0 0 0 0 0 0 0 0 0 0 0 0 0 0 0 0 0 0 0 0 0 0 0 0 0 0 0 0 0 0 0 0 0 0 0 0 0 1 0 0 0 0 0 0 0 0 0 1 0 0 0 0 0 0 0 0 0 0 0 0 0 0 0 0 0 0 0 1 1 0 0 0 0 0 0 0 1 0 0 0 0 0 0 0 0 0 0 0 0 0 0 0 0 0 0 0 0 -1.46887 2.09095 -1.84073 2.50306 -2.50643 3.04927 -3.28078 3.74235 -0.812739 1.23804 -1.63123 1.97371 -2.45216 2.83465 -3.27432 3.71816 -0.875494 1.19552 -1.54464 2.0858 -2.23393 2.98094 -3.01551 3.87744 2.304 120.99 6 4 2 292.36 0 0
ZINC03814166 0 0 0 0 0 0 0 0 0 0 0 0 0 0 0 0 0 0 0 0 0 0 0 0 0 1 1 0 0 0 0 0 0 0 1 0 0 0 1 0 0 1 0 0 0 0 0 0 0 0 0 0 0 0 0 0 0 0 0 0 0 0 0 0 0 0 0 0 0 0 0 0 0 0 0 0 0 0 0 0 0 0 0 0 0 0 0 0 0 0 0 0 0 0 0 0 0 0 0 0 0 0 0 0 0 0 0 0 0 0 0 0 0 0 0 0 1 0 0 0 0 0 1 0 0 0 0 0 0 0 0 0 0 0 0 0 0 0 0 0 0 0 0 0 0 0 0 -1.51537 2.09047 -1.8929 2.5097 -2.40403 3.06245 -3.10244 3.69179 -0.764939 1.25807 -1.53023 1.91835 -2.29568 2.64831 -3.06125 3.40603 -0.879285 1.1019 -1.54978 1.88386 -2.23364 2.67062 -2.92375 3.46047 1.761 124.01 11 9 4 446.524 0 1
ZINC03814167 0 0 0 0 0 0 0 0 0 0 0 0 0 0 0 0 0 0 0 0 1 0 0 0 0 1 0 0 0 0 0 0 0 0 0 0 0 0 0 0 0 0 0 0 0 0 0 0 0 0 0 0 0 0 0 0 0 0 0 0 0 0 0 0 0 0 0 0 0 0 0 0 0 0 0 0 0 0 0 0 0 0 0 0 0 0 0 0 1 0 0 0 0 0 0 0 0 0 0 0 0 0 0 0 0 0 0 0 0 0 0 0 0 0 0 0 0 0 0 0 0 0 0 0 0 0 0 0 0 0 0 0 0 0 0 0 0 0 0 0 0 0 0 0 0 0 0 -1.51142 2.07517 -1.88517 2.47802 -2.39057 3.00518 -2.96381 3.59709 -0.493942 1.23928 -1.11154 1.86293 -1.76944 2.54272 -2.44049 3.23914 -0.863512 0.743373 -1.52611 1.3689 -2.20389 2.06356 -2.88571 2.7692 0.345 96.41 4 4 1 203.263 0 0
ZINC03814168 0 0 0 0 0 0 0 0 0 0 0 0 0 0 0 0 0 0 0 0 0 0 0 0 0 1 1 0 0 0 0 0 0 0 0 0 0 0 0 0 0 0 0 0 0 0 0 0 0 0 0 0 0 0 0 0 0 0 0 0 0 0 0 0 0 0 0 0 0 0 0 0 0 0 0 0 0 0 0 0 0 0 0 0 0 0 0 0 0 1 0 0 0 0 0 0 0 0 0 0 0 0 0 0 0 0 0 0 0 1 0 0 0 0 0 0 0 0 0 0 0 0 0 0 0 0 0 0 0 0 0 0 0 0 0 0 0 0 0 0 0 0 0 0 0 0 0 -1.47977 2.08807 -1.86884 2.49859 -2.39863 3.04252 -2.98098 3.6787 -0.59157 1.331 -1.25332 2.00272 -1.93926 2.7398 -2.63503 3.49707 -0.902344 0.793711 -1.59345 1.46148 -2.29582 2.22205 -3.00145 2.99356 0.546 116.72 3 6 1 272.326 0 0
ZINC03814169 0 0 0 0 0 0 0 0 0 0 0 0 0 0 0 0 0 0 0 1 0 0 0 0 0 1 0 0 0 0 0 1 1 0 0 0 0 0 0 0 0 0 0 0 0 0 0 0 0 0 0 0 0 0 0 0 0 0 0 0 0 0 0 0 0 0 0 0 0 0 0 0 0 0 0 0 0 0 0 0 0 0 0 0 0 0 0 1 0 0 0 0 0 0 0 0 0 1 0 0 0 0 0 0 0 0 0 0 0 0 0 0 0 0 0 0 0 1 1 0 0 0 0 0 0 0 1 0 0 0 0 0 0 0 0 0 0 0 0 0 0 0 0 0 0 0 0 -1.46887 2.09095 -1.84073 2.50306 -2.50643 3.04927 -3.28078 3.74235 -0.812739 1.23804 -1.63123 1.97371 -2.45216 2.83465 -3.27432 3.71816 -0.875494 1.19552 -1.54464 2.0858 -2.23393 2.98094 -3.01551 3.87744 2.304 120.99 6 4 2 292.36 0 0
ZINC03814170 0 0 0 0 0 0 0 0 0 0 0 0 0 0 0 0 0 0 0 0 1 0 0 0 0 1 0 0 0 0 0 0 0 0 0 0 0 0 0 1 0 0 0 0 0 0 0 0 0 0 0 0 0 0 0 0 0 0 0 0 0 0 0 0 0 0 0 0 0 0 0 0 0 0 0 0 0 0 0 0 0 0 0 0 0 0 0 0 1 0 0 0 0 0 0 0 0 0 0 1 0 0 0 0 0 0 0 0 0 0 0 0 0 0 0 0 0 0 0 0 0 1 0 0 0 0 0 0 0 0 0 0 0 0 0 0 0 0 0 0 0 0 0 0 0 0 0 -1.5117 2.0752 -1.88697 2.47835 -2.39677 3.00677 -2.97709 3.60186 -0.528725 1.24023 -1.15009 1.86939 -1.81056 2.5579 -2.48559 3.26448 -0.868584 0.814772 -1.53853 1.42715 -2.22278 2.12127 -2.91077 2.83465 1.375 96.41 3 4 1 243.328 0 0
ZINC03814171 0 0 0 0 0 0 0 0 0 0 0 0 0 0 0 0 0 0 0 0 1 0 0 0 0 1 1 0 0 0 0 0 0 0 0 0 0 0 0 0 0 0 0 0 0 0 0 0 0 0 0 0 0 0 0 0 0 0 0 0 0 0 0 0 0 0 0 0 0 0 0 0 0 0 0 0 0 0 0 0 0 0 0 0 0 0 0 0 1 1 0 0 0 0 0 0 0 0 0 0 0 0 0 0 0 0 0 0 0 0 1 0 0 0 0 0 0 0 0 0 0 0 0 0 0 0 0 0 0 0 0 0 0 0 0 0 0 0 0 0 0 0 0 0 0 0 0 -1.48492 2.08803 -1.89016 2.49744 -2.45019 3.03255 -3.07287 3.63835 -0.54246 1.32556 -1.19089 1.9757 -1.87809 2.68646 -2.57999 3.41627 -0.893691 0.734047 -1.59678 1.3976 -2.31116 2.13471 -3.02834 2.8797 -0.485 116.72 2 6 1 258.299 0 0
ZINC03814172 0 0 0 0 0 0 0 0 0 0 0 0 0 0 0 0 0 0 0 0 1 0 0 0 0 1 0 0 0 0 0 1 1 0 0 0 0 0 0 0 0 0 0 0 0 0 0 0 0 0 0 0 0 0 0 0 0 0 0 0 0 0 0 0 0 0 0 0 0 0 0 0 0 0 0 0 0 0 0 0 0 0 0 0 0 0 0 0 1 0 0 0 0 0 0 0 0 0 0 0 0 0 0 0 0 0 0 0 0 0 0 0 0 0 0 0 0 1 1 0 0 0 0 0 0 0 1 0 0 0 0 0 0 0 0 0 0 0 0 0 0 0 0 0 0 0 0 -1.47541 2.09094 -1.84075 2.50285 -2.50643 3.04846 -3.28078 3.74167 -0.81274 1.23781 -1.63123 1.97389 -2.45216 2.83512 -3.27432 3.71885 -0.875322 1.19569 -1.54416 2.08615 -2.23338 2.98148 -3.01547 3.87817 2.662 120.99 7 4 2 306.387 0 0
ZINC03814173 0 0 0 0 0 0 0 0 0 0 0 0 0 0 0 0 0 0 0 0 0 0 0 0 0 1 0 0 0 0 0 0 0 0 0 0 0 0 0 0 0 0 0 0 0 0 0 0 0 0 0 0 0 0 0 0 0 0 0 0 0 0 0 0 0 0 0 0 0 0 0 0 0 0 0 0 0 0 0 0 0 0 0 0 0 0 0 0 0 0 0 0 0 0 0 0 0 0 0 0 0 0 0 0 0 0 0 0 0 0 1 0 0 0 1 0 1 1 0 0 0 0 0 0 0 0 0 0 0 0 0 1 0 0 0 0 0 0 0 0 0 0 0 0 0 0 0 -1.58688 2.07542 -1.90684 2.48068 -2.3984 3.01943 -3.08988 3.65702 -0.768561 1.25173 -1.54446 1.91869 -2.32392 2.67839 -3.10535 3.47547 -0.864323 1.12054 -1.53588 1.92799 -2.24593 2.74371 -2.99009 3.56401 2.338 103.78 11 7 2 422.481 0 1
ZINC03814174 0 0 0 0 0 1 0 0 0 0 0 0 0 0 1 0 0 0 0 0 1 0 0 0 1 1 1 0 0 0 0 0 1 1 0 0 0 0 0 0 0 0 0 0 0 0 0 0 0 0 0 0 0 0 0 0 0 0 0 0 0 0 0 0 0 0 0 0 0 0 0 0 0 0 0 0 0 0 0 0 0 0 0 0 0 0 0 0 1 0 1 0 0 0 0 0 1 1 0 0 0 0 0 0 0 0 0 0 0 0 0 0 0 0 1 0 0 1 0 0 0 0 0 0 0 0 0 0 0 0 0 1 0 0 0 0 0 0 0 0 0 0 0 0 0 0 0 -1.53366 2.0755 -1.8772 2.48244 -2.38683 3.03483 -3.08719 3.70923 -0.768545 1.36859 -1.54438 2.06162 -2.32373 2.80741 -3.10501 3.58547 -1.08073 1.12074 -1.77281 1.92846 -2.47966 2.7446 -3.19349 3.56556 2.42 133.82 11 8 3 458.451 0 0
ZINC03814175 0 0 0 0 0 0 0 0 0 0 0 0 0 0 0 0 0 0 0 0 0 0 0 0 0 1 1 0 0 0 0 0 1 1 0 0 0 0 0 0 0 0 0 0 0 0 0 0 0 0 0 0 0 0 0 0 0 0 0 0 0 0 0 0 0 0 0 0 0 0 0 0 0 0 0 0 0 0 0 0 0 0 0 0 0 0 0 0 0 0 0 0 0 0 0 0 0 0 0 0 0 0 0 0 0 0 0 0 0 0 0 0 0 0 1 0 0 1 0 0 0 0 0 0 0 0 0 0 0 0 0 1 0 0 0 0 0 0 0 0 0 0 0 0 0 0 0 -1.53081 2.07624 -1.9227 2.48374 -2.44969 3.03144 -3.08907 3.68611 -0.76855 1.26023 -1.5444 1.93595 -2.32378 2.69822 -3.10509 3.496 -0.878279 1.12109 -1.55414 1.9295 -2.2487 2.74644 -2.98221 3.56814 2.374 150.03 12 9 4 468.53 0 1
ZINC03814176 0 0 0 0 0 0 1 0 0 0 0 0 0 0 1 0 0 0 0 0 0 0 0 0 0 1 0 0 0 0 0 1 0 0 0 0 0 0 0 0 0 0 0 0 0 0 0 0 0 0 0 0 0 0 0 0 0 0 0 0 0 0 0 0 0 0 0 0 0 0 0 0 0 0 0 0 0 0 0 0 0 0 0 0 0 0 0 0 0 1 0 0 0 0 0 1 0 0 0 0 0 0 0 0 0 0 0 0 0 0 0 0 0 0 0 0 0 0 0 0 0 0 0 0 0 0 0 0 0 0 0 0 0 0 0 0 0 0 0 0 0 0 0 0 0 0 0 -1.50159 2.07543 -1.87053 2.48121 -2.37609 3.02317 -3.08384 3.65678 -0.764566 1.40256 -1.52936 2.09445 -2.29431 2.81496 -3.05939 3.55236 -1.08416 1.10132 -1.77336 1.88094 -2.4731 2.66395 -3.17806 3.4492 0.705 116.75 8 7 3 354.343 0 0
ZINC03814177 0 0 0 0 0 0 0 0 0 0 0 0 0 0 0 0 0 0 0 0 1 0 0 0 0 1 0 0 0 0 0 0 1 0 0 0 0 0 0 0 0 0 0 0 0 0 0 0 0 0 0 0 0 0 0 0 0 0 0 0 0 0 0 0 0 0 0 0 0 0 0 0 0 0 0 0 0 0 0 0 0 0 0 0 0 0 0 0 1 0 1 0 1 0 0 0 0 1 0 0 0 0 0 0 0 0 0 0 0 0 0 0 0 0 0 0 1 0 0 0 0 0 0 0 0 0 0 0 0 0 0 0 0 0 0 0 0 0 0 0 0 0 0 0 0 0 0 -1.4986 2.0827 -1.8665 2.49192 -2.37879 3.03284 -3.00242 3.67438 -0.772557 1.24343 -1.5531 1.88893 -2.33611 2.61805 -3.1202 3.38915 -0.865109 1.05688 -1.53377 1.83951 -2.23623 2.6374 -2.98815 3.44109 1.649 141.94 5 5 2 313.4 0 0
ZINC03814178 0 0 0 0 0 1 0 0 0 0 0 0 0 0 1 0 0 0 0 0 1 0 0 0 1 1 0 0 0 0 0 0 0 1 0 0 0 0 0 0 0 0 0 0 0 0 0 0 0 0 0 0 0 0 0 0 0 0 0 0 0 0 0 0 0 0 0 0 0 0 0 0 0 0 0 0 0 0 0 0 0 0 0 0 0 0 0 0 1 0 0 0 0 0 0 0 0 1 0 0 0 0 0 0 0 0 0 0 0 0 0 0 0 0 0 0 0 0 0 0 0 0 0 0 0 0 0 0 0 0 0 0 0 0 0 0 0 0 0 0 0 0 0 0 0 0 0 -1.53427 2.07622 -1.87349 2.4837 -2.38438 3.02942 -3.08616 3.66877 -0.764673 1.3671 -1.52935 2.05238 -2.29403 2.77946 -3.05872 3.5269 -1.08008 1.1025 -1.77045 1.88354 -2.47538 2.66788 -3.18713 3.45438 3.588 155.32 9 6 2 443.527 0 0
ZINC03814179 0 0 0 0 0 0 0 0 0 0 0 0 0 0 0 0 0 0 0 0 1 0 0 0 0 1 0 0 0 0 0 1 0 0 0 0 0 0 0 0 0 0 0 0 0 0 0 0 0 0 0 0 0 0 0 0 0 0 0 0 0 0 0 0 0 0 0 0 0 0 0 0 0 0 0 0 0 0 0 0 0 0 0 0 0 0 0 0 1 0 0 0 0 0 0 0 1 0 0 0 0 0 0 0 0 0 0 0 0 0 0 0 0 0 0 1 0 0 0 0 0 0 0 0 0 0 0 0 0 0 0 0 0 0 0 0 0 0 0 0 0 0 0 0 0 0 0 -1.49316 2.08039 -1.8721 2.48802 -2.45201 3.02888 -3.16814 3.66078 -0.770109 1.24513 -1.54578 1.90841 -2.32387 2.66415 -3.10329 3.4555 -0.871338 1.05882 -1.54963 1.84623 -2.25956 2.65132 -3.00074 3.46358 1.544 96.41 4 4 1 265.334 0 0
ZINC03814180 0 0 0 0 0 0 0 0 0 0 0 0 0 0 0 0 0 0 0 0 0 0 0 0 0 1 1 0 0 0 0 0 1 0 0 0 0 0 0 0 0 0 0 0 0 0 0 0 0 0 0 0 0 0 0 0 0 0 0 0 0 0 0 0 0 0 0 0 0 0 0 0 0 0 0 0 0 0 0 0 0 0 0 0 0 0 0 0 0 0 0 0 0 0 0 0 0 0 0 0 0 0 0 0 0 0 0 0 0 0 0 0 0 0 0 0 0 0 0 0 0 0 0 0 0 0 0 0 0 0 0 0 0 0 0 0 0 0 0 0 0 0 0 0 0 0 0 -1.53067 2.0917 -1.92339 2.49207 -2.45133 3.01065 -3.0871 3.60211 -0.764708 1.24946 -1.52946 1.89248 -2.29424 2.60096 -3.05903 3.3381 -0.872545 1.10169 -1.54263 1.88161 -2.22599 2.66452 -2.91302 3.44914 2.199 120.93 8 7 3 363.434 0 1
ZINC03814181 0 0 0 0 0 0 0 0 0 0 0 0 0 0 0 0 0 0 0 0 0 0 0 0 0 1 0 0 0 0 0 0 0 0 0 0 0 0 0 0 0 0 0 0 0 0 0 0 0 0 0 0 0 0 0 0 0 0 0 0 0 0 0 0 0 0 0 0 0 0 0 0 0 0 0 0 0 0 0 0 0 0 0 0 0 0 0 0 0 0 0 0 0 0 0 0 0 0 0 0 0 0 0 0 0 0 0 0 0 0 1 0 0 0 1 0 1 1 0 0 0 0 0 0 0 0 0 0 0 0 0 1 0 0 0 0 0 0 0 0 0 0 0 0 0 0 0 -1.58689 2.07544 -1.90717 2.48087 -2.4046 3.0208 -3.09002 3.66257 -0.768561 1.25248 -1.54446 1.92287 -2.32393 2.6856 -3.10536 3.48471 -0.87123 1.12085 -1.55057 1.92884 -2.2551 2.74537 -2.99315 3.56668 2.631 103.78 11 7 2 436.508 0 1
ZINC03814182 0 0 0 0 0 0 0 0 0 0 0 0 0 0 0 0 0 0 0 0 0 0 0 0 0 1 1 0 0 0 0 0 0 1 0 0 0 0 0 0 0 0 0 0 0 0 0 0 0 0 0 0 0 0 0 0 0 0 0 0 0 0 0 0 0 0 0 0 0 0 0 0 0 0 0 0 0 0 0 0 0 0 0 0 0 0 0 0 0 0 0 0 0 0 0 0 0 0 0 0 0 0 0 0 0 0 0 0 0 0 0 0 0 0 1 0 0 0 0 0 0 0 0 0 0 0 0 0 0 0 0 0 0 0 0 0 0 0 0 0 0 0 0 0 0 0 0 -1.53124 2.07615 -1.92285 2.48282 -2.44975 3.02541 -3.13243 3.66268 -0.768566 1.2633 -1.54469 1.93879 -2.3246 2.69278 -3.10662 3.47783 -0.877446 1.10473 -1.55307 1.89775 -2.24864 2.70027 -2.98821 3.50813 1.154 141.24 9 9 3 418.47 0 1
ZINC03814183 0 0 0 0 0 0 0 0 0 0 0 0 0 0 0 0 0 0 0 0 0 0 0 0 0 1 1 0 0 0 0 0 1 0 0 0 0 0 0 0 0 0 0 0 0 0 0 0 0 0 0 0 0 0 0 0 0 0 0 0 0 0 0 0 0 0 0 0 0 0 0 0 0 0 0 0 0 0 0 0 0 0 0 0 0 0 0 0 0 0 0 0 1 0 0 0 0 0 0 0 0 0 0 0 0 0 0 0 0 0 0 0 0 0 0 0 0 0 0 0 0 0 0 0 0 0 0 0 0 0 0 0 0 0 0 0 0 0 0 0 0 0 0 0 0 0 0 -1.5308 2.07595 -1.92266 2.48178 -2.4497 3.02048 -3.0427 3.64799 -0.771323 1.25095 -1.54796 1.90029 -2.32621 2.62033 -3.10516 3.375 -0.874564 1.06148 -1.54803 1.84575 -2.23486 2.64022 -2.92693 3.43871 1.072 141.16 9 8 4 365.406 0 1
ZINC03814184 0 0 0 0 0 0 0 0 0 0 0 0 0 0 0 0 0 0 0 0 0 0 0 0 0 1 1 0 0 0 0 1 1 0 1 0 0 0 0 0 0 0 0 0 0 0 0 0 0 0 0 0 0 0 0 0 0 0 0 0 0 0 0 0 0 0 0 0 0 0 0 0 0 0 0 0 0 0 0 0 0 0 0 0 0 0 0 0 0 0 0 0 0 0 0 0 0 0 0 0 0 0 0 0 0 0 0 0 0 0 0 0 0 0 0 1 0 0 0 0 0 0 0 0 0 0 0 0 0 0 0 0 0 0 0 0 0 0 0 0 0 0 0 0 0 0 0 -1.51215 2.09443 -1.90422 2.49685 -2.48782 3.02247 -3.20104 3.64246 -0.771731 1.25321 -1.55044 1.92342 -2.33207 2.68498 -3.11528 3.48346 -0.873512 1.10799 -1.55522 1.9068 -2.27414 2.71892 -3.0245 3.53844 2.645 120.93 8 7 3 397.451 0 1
ZINC03814185 0 0 0 0 0 0 0 0 0 0 0 0 0 0 0 0 0 0 0 0 0 0 0 0 0 1 1 0 0 0 0 0 1 1 0 0 0 0 0 0 0 0 0 0 0 0 0 0 0 0 0 0 0 0 0 0 0 0 0 0 0 0 0 0 0 0 0 0 0 0 0 0 0 0 0 0 0 0 0 0 0 0 0 0 0 0 0 0 0 0 0 0 0 0 0 0 0 0 0 0 0 0 0 0 0 0 0 0 0 0 0 0 0 0 0 0 0 0 0 0 0 0 0 0 0 0 1 0 0 0 0 0 0 0 0 0 0 0 0 0 0 0 0 0 0 0 0 -1.53074 2.07597 -1.92265 2.48208 -2.62228 3.02368 -3.49022 3.68618 -0.868128 1.25131 -1.73626 1.91603 -2.6044 2.72848 -3.47254 3.60739 -0.874564 1.20406 -1.54805 2.09557 -2.29443 2.98861 -3.16194 3.88233 2.744 120.93 9 7 3 399.467 0 1
ZINC03814186 0 0 0 0 0 0 0 0 0 0 0 0 0 0 0 0 0 0 0 0 0 0 0 0 0 0 0 0 0 0 1 1 0 0 0 0 0 0 0 0 0 0 0 0 0 0 0 0 0 0 0 0 0 0 0 0 0 0 0 0 0 0 0 0 0 0 0 0 0 0 0 0 0 0 0 0 0 0 0 0 0 0 0 0 0 0 0 0 0 0 0 0 0 0 0 0 0 0 0 0 0 0 0 0 0 0 0 0 0 0 0 0 0 0 0 0 0 0 0 0 0 0 0 0 0 0 0 0 0 0 0 0 0 0 0 0 0 0 0 0 0 0 0 0 0 0 0 -1.5064 2.13045 -2.09735 2.62174 -2.77023 3.38574 -3.48889 4.23529 -0.631111 1.55274 -1.31607 2.44112 -2.09847 3.36607 -2.91735 4.30148 -1.17764 1.32998 -1.9018 2.14228 -2.67218 3.03313 -3.45694 3.94988 -2.091 123.53 4 6 2 269.213 0 1
ZINC03814187 0 0 0 0 0 0 0 0 0 0 0 0 0 0 0 0 0 0 0 0 0 0 0 0 0 1 1 0 0 0 0 0 1 0 0 0 0 0 0 0 0 0 0 0 0 0 0 0 0 0 0 0 0 0 0 0 0 0 0 0 0 0 0 0 0 0 0 0 0 0 0 0 0 0 0 0 0 0 0 0 0 0 0 0 0 0 0 0 0 0 0 0 0 0 0 0 0 0 0 0 0 0 0 0 0 0 0 0 0 0 0 0 0 0 0 0 0 0 0 0 0 0 0 0 0 0 0 0 0 0 0 0 0 0 0 0 0 0 0 0 0 0 0 0 0 0 0 -1.52142 2.08317 -1.91025 2.4934 -2.43807 3.03294 -3.0871 3.64722 -0.764708 1.25264 -1.52946 1.90639 -2.29424 2.62605 -3.05903 3.37184 -0.875068 1.10188 -1.54921 1.88241 -2.23649 2.66628 -2.92728 3.45217 2.282 146.23 7 7 3 393.485 0 1
ZINC03814188 0 0 0 0 0 0 0 0 0 0 0 0 0 0 0 0 0 0 0 0 0 0 0 0 0 1 1 0 0 0 0 0 0 0 1 0 0 0 0 0 0 0 0 0 0 0 0 0 0 0 0 0 0 0 0 0 0 0 0 0 0 0 0 0 0 0 0 0 0 0 0 0 0 0 0 0 0 0 0 0 0 0 0 0 0 0 0 0 0 0 0 0 0 0 0 0 0 0 0 0 0 0 0 0 0 0 0 0 0 0 0 0 0 0 0 1 0 0 0 0 0 0 0 0 0 0 0 0 0 0 0 0 0 0 0 0 0 0 0 0 0 0 0 0 0 0 0 -1.53082 2.076 -1.92271 2.48219 -2.44973 3.02154 -3.0542 3.64601 -0.771734 1.25772 -1.54881 1.91928 -2.32794 2.65559 -3.10811 3.42518 -0.874606 1.25164 -1.54827 1.9067 -2.23559 2.687 -2.95301 3.48298 1.574 150.03 11 9 4 518.328 0 2
ZINC03814189 0 0 0 0 0 0 0 0 0 0 0 0 0 0 0 0 0 0 0 0 1 0 0 0 0 1 1 0 0 0 0 0 1 0 0 0 0 0 0 0 0 0 0 0 0 0 0 0 0 0 0 0 0 0 0 0 0 0 0 0 0 0 0 0 0 0 0 0 0 0 0 0 0 0 0 0 0 0 0 0 0 0 0 0 0 0 0 0 1 0 0 0 0 0 0 0 0 1 0 0 0 0 0 0 0 0 0 1 0 0 0 1 0 0 0 0 1 0 0 0 0 0 0 0 0 0 0 0 0 0 0 0 0 0 0 0 0 0 0 0 0 0 0 0 0 0 0 -2.26051 2.0758 -2.3881 2.48353 -2.63944 3.03015 -3.10201 3.66622 -0.766365 1.2499 -1.53422 1.90708 -2.30281 2.6418 -3.07184 3.40833 -0.870679 1.0995 -1.54496 1.88157 -2.23777 2.67079 -2.94356 3.46445 1.824 122.71 7 6 1 351.424 0 0
ZINC03814190 0 0 0 0 0 0 0 0 0 0 0 0 0 0 0 0 0 0 0 0 0 0 0 0 0 0 0 0 0 0 0 0 1 0 0 0 0 0 0 0 0 0 0 0 0 0 0 0 0 0 0 0 0 0 0 0 0 0 0 0 0 0 0 0 0 0 0 0 0 0 0 0 0 0 0 0 0 0 0 0 0 0 0 0 0 0 0 1 0 0 0 0 1 0 1 0 0 0 0 0 0 0 0 0 0 0 0 0 0 0 0 0 0 0 0 0 1 0 0 0 0 0 0 0 0 0 0 0 0 0 0 0 0 0 0 0 0 0 0 0 0 0 0 0 0 0 0 -1.51432 2.07175 -1.80225 2.48115 -2.26991 3.0253 -2.99645 3.68578 -0.77254 1.26057 -1.5514 1.88141 -2.33221 2.62664 -3.11387 3.42498 -0.855685 1.0794 -1.5047 1.88747 -2.18175 2.70725 -2.93575 3.53132 3 158.13 10 8 4 446.525 0 0
ZINC03814191 0 0 0 0 0 0 0 0 0 0 0 0 0 0 0 0 0 0 0 0 1 0 0 0 0 1 0 0 0 0 0 0 0 0 0 0 0 0 0 0 0 0 0 0 0 0 0 0 0 0 0 0 0 0 0 0 0 0 0 0 0 0 0 0 0 0 0 0 0 0 0 0 0 0 0 0 0 0 0 0 0 0 0 0 0 0 0 0 1 0 0 0 0 0 0 0 0 0 0 0 0 0 0 0 0 0 0 0 0 0 0 0 0 0 0 0 0 0 0 0 0 0 0 0 0 0 0 0 0 0 0 0 0 0 0 0 0 0 0 0 0 0 0 0 0 0 0 -1.51169 2.07518 -1.88705 2.47816 -2.39694 3.00595 -2.97715 3.59953 -0.519809 1.23996 -1.14284 1.86732 -1.80451 2.55251 -2.48001 3.25493 -0.868073 0.756089 -1.53719 1.3825 -2.2208 2.08264 -2.90828 2.79453 0.638 96.41 4 4 1 217.29 0 0
ZINC03814192 0 0 0 0 0 0 0 0 0 0 0 0 0 0 0 0 0 0 0 0 1 0 0 0 0 1 0 0 0 0 0 1 0 0 1 0 0 0 0 0 0 0 0 0 0 0 0 0 0 0 0 0 0 0 0 0 0 0 0 0 0 0 0 0 0 0 0 0 0 0 0 0 0 0 0 0 0 0 0 0 0 0 0 0 0 0 0 0 1 0 0 0 0 0 0 1 0 0 0 0 0 0 0 0 0 0 0 0 0 0 0 0 0 0 0 0 1 1 0 0 0 0 0 0 0 0 0 0 0 0 0 0 0 0 0 0 0 0 0 0 0 0 0 0 0 0 0 -1.47525 2.09093 -1.79793 2.50245 -2.33342 3.04041 -3.09844 3.65483 -0.768538 1.23093 -1.53739 1.85721 -2.30642 2.57483 -3.07556 3.34401 -0.877987 1.1176 -1.54992 1.91628 -2.23675 2.71968 -2.93483 3.52563 3.807 105.2 9 4 2 357.475 0 0
ZINC03814193 0 0 0 0 0 0 0 0 0 0 0 0 0 0 0 0 0 0 0 0 0 0 0 0 0 1 0 0 0 0 0 0 0 0 0 0 0 0 1 0 0 0 0 0 0 0 0 0 0 0 0 0 0 0 0 0 0 0 0 0 0 0 0 0 0 0 0 0 0 0 0 0 0 0 0 0 0 0 0 0 0 0 0 0 0 0 0 0 0 0 0 0 0 0 0 0 0 0 0 0 0 0 0 0 0 0 0 1 0 0 0 1 0 0 0 0 0 1 0 0 1 0 1 0 0 0 0 0 0 0 0 0 0 0 0 0 0 0 0 1 0 0 0 0 0 0 0 -2.28747 2.07583 -2.41317 2.48111 -2.67213 3.01682 -3.09552 3.62908 -0.764708 1.25284 -1.52946 1.90785 -2.29424 2.63092 -3.05903 3.38111 -0.874526 1.10277 -1.54901 1.8846 -2.23711 2.67011 -2.92891 3.45787 3.566 109.93 11 7 2 431.553 0 1
ZINC03814194 0 0 0 0 0 0 0 0 0 0 0 0 0 0 0 0 0 0 0 0 1 0 0 0 0 1 0 0 0 0 0 0 0 0 1 0 0 0 0 0 0 0 0 0 0 0 0 0 0 0 0 0 0 0 0 0 0 0 0 0 0 0 0 0 0 0 0 0 0 0 0 0 0 0 0 0 0 0 0 0 0 0 0 0 0 0 0 0 1 0 0 0 0 0 0 1 0 0 0 0 0 0 0 0 0 0 0 0 0 0 0 0 0 0 0 0 1 0 0 0 0 0 0 0 0 0 0 0 0 0 0 0 0 0 0 0 0 0 0 0 0 0 0 0 0 0 0 -1.47527 2.08833 -1.7981 2.49839 -2.33318 3.03097 -3.09836 3.62941 -0.768535 1.23022 -1.53738 1.84841 -2.30638 2.54064 -3.07548 3.27577 -0.875668 1.09985 -1.5456 1.87953 -2.2296 2.66344 -2.92327 3.44959 2.362 105.2 7 4 2 281.377 0 0
ZINC03814195 0 0 0 0 0 0 0 0 0 0 0 0 0 0 0 0 0 0 0 0 1 0 0 0 0 1 0 0 0 0 0 1 0 0 1 0 0 0 0 0 0 0 0 0 0 0 0 0 0 0 0 0 0 0 0 0 0 0 0 0 0 0 0 0 0 0 0 0 0 0 0 0 0 0 0 0 0 0 0 0 0 0 0 0 0 0 0 0 1 0 0 0 0 0 0 1 0 0 0 0 0 0 0 0 0 0 0 0 0 0 0 0 0 0 0 0 1 1 0 0 0 0 0 0 0 0 0 0 0 0 0 0 0 0 0 0 0 0 0 0 0 0 0 0 0 0 0 -1.47525 2.09093 -1.79793 2.50245 -2.33342 3.04041 -3.09844 3.65483 -0.768538 1.23093 -1.53739 1.85721 -2.30642 2.57483 -3.07556 3.34401 -0.877987 1.1176 -1.54992 1.91628 -2.23675 2.71968 -2.93483 3.52563 3.807 105.2 9 4 2 357.475 0 0
ZINC03814196 0 0 0 0 0 0 0 0 0 0 0 0 0 0 0 0 0 0 0 0 1 0 0 0 0 1 0 0 0 0 0 1 0 0 1 0 0 0 0 0 0 0 0 0 0 0 0 0 0 0 0 0 0 0 0 0 0 0 0 0 0 0 0 0 0 0 0 0 0 0 0 0 0 0 0 0 0 0 0 0 0 0 0 0 0 0 0 0 1 0 0 0 0 0 0 1 0 0 0 0 0 0 0 0 0 0 0 0 0 0 0 0 0 0 0 0 1 1 0 0 0 0 0 0 0 0 0 0 0 0 0 0 0 0 0 0 0 0 0 0 0 0 0 0 0 0 0 -1.47525 2.09093 -1.79793 2.50245 -2.33342 3.04041 -3.09844 3.65483 -0.768538 1.23093 -1.53739 1.85721 -2.30642 2.57483 -3.07556 3.34401 -0.877987 1.1176 -1.54992 1.91628 -2.23675 2.71968 -2.93483 3.52563 3.807 105.2 9 4 2 357.475 0 0
ZINC03814197 0 0 0 0 0 0 0 0 0 0 0 0 0 0 0 0 0 0 0 0 1 0 0 0 0 1 0 0 0 0 0 0 0 0 1 0 0 0 0 0 0 0 0 0 0 0 0 0 0 0 0 0 0 0 0 0 0 0 0 0 0 0 0 0 0 0 0 0 0 0 0 0 0 0 0 0 0 0 0 0 0 0 0 0 0 0 0 0 1 0 0 0 0 0 0 1 0 0 0 0 0 0 0 0 0 0 0 0 0 0 0 0 0 0 0 0 1 0 0 0 0 0 0 0 0 0 0 0 0 0 0 0 0 0 0 0 0 0 0 0 0 0 0 0 0 0 0 -1.47527 2.08833 -1.7981 2.49839 -2.33318 3.03097 -3.09836 3.62941 -0.768535 1.23022 -1.53738 1.84841 -2.30638 2.54064 -3.07548 3.27577 -0.875668 1.09985 -1.5456 1.87953 -2.2296 2.66344 -2.92327 3.44959 2.362 105.2 7 4 2 281.377 0 0
ZINC03814198 0 0 0 0 0 0 0 0 0 0 0 0 0 0 0 0 0 0 0 0 1 0 0 0 0 1 0 0 0 0 0 1 0 0 1 0 0 0 0 0 0 0 0 0 0 0 0 0 0 0 0 0 0 0 0 0 0 0 0 0 0 0 0 0 0 0 0 0 0 0 0 0 0 0 0 0 0 0 0 0 0 0 0 0 0 0 0 0 1 0 0 0 0 0 0 1 0 0 0 0 0 0 0 0 0 0 0 0 0 0 0 0 0 0 0 0 1 1 0 0 0 0 0 0 0 0 0 0 0 0 0 0 0 0 0 0 0 0 0 0 0 0 0 0 0 0 0 -1.47525 2.09093 -1.79793 2.50245 -2.33342 3.04041 -3.09844 3.65483 -0.768538 1.23093 -1.53739 1.85721 -2.30642 2.57483 -3.07556 3.34401 -0.877987 1.1176 -1.54992 1.91628 -2.23675 2.71968 -2.93483 3.52563 3.807 105.2 9 4 2 357.475 0 0
ZINC03814199 0 0 0 0 0 0 0 0 0 0 0 0 0 0 0 0 0 0 0 0 0 0 0 0 0 1 0 0 0 0 0 0 0 0 0 0 0 0 0 0 0 0 0 0 0 0 0 0 0 0 0 0 0 0 0 0 0 0 0 0 0 0 0 0 0 0 0 0 0 0 0 0 0 0 0 0 0 0 0 0 0 0 0 0 0 0 0 0 0 0 0 0 0 0 0 0 0 0 0 0 0 0 0 0 0 0 0 1 0 0 0 1 0 0 0 0 0 1 0 0 1 0 1 0 0 0 0 0 0 0 0 0 0 0 0 0 0 0 0 1 0 0 0 0 0 0 0 -2.28747 2.07579 -2.41315 2.48048 -2.6721 3.01354 -3.09545 3.61945 -0.764708 1.25121 -1.52946 1.89964 -2.29424 2.61379 -3.05903 3.35518 -0.873785 1.10186 -1.54672 1.88212 -2.23314 2.66555 -2.92321 3.45082 2.222 109.93 11 7 2 377.461 0 1
ZINC03814200 0 0 0 0 0 0 0 0 0 0 0 0 0 0 0 0 0 0 0 0 1 0 0 0 0 1 0 0 0 0 0 0 0 0 1 0 0 0 0 0 0 0 0 0 0 0 0 0 0 0 0 0 0 0 0 0 0 0 0 0 0 0 0 0 0 0 0 0 0 0 0 0 0 0 0 0 0 0 0 0 0 0 0 0 0 0 0 0 1 0 0 0 0 0 0 1 0 0 0 0 0 0 0 0 0 0 0 0 0 0 0 0 0 0 0 0 1 0 0 0 0 0 0 0 0 0 0 0 0 0 0 0 0 0 0 0 0 0 0 0 0 0 0 0 0 0 0 -1.47527 2.08833 -1.7981 2.49839 -2.33318 3.03097 -3.09836 3.62941 -0.768535 1.23022 -1.53738 1.84841 -2.30638 2.54064 -3.07548 3.27577 -0.875668 1.09985 -1.5456 1.87953 -2.2296 2.66344 -2.92327 3.44959 2.362 105.2 7 4 2 281.377 0 0
