8
2.933198 2.570188 2.638621 2.642658 2.438173 2.739334 2.343981 2.848339 1.658745 0.712662 1.868930 1.498718 1.853670 1.712267 1.804690 1.669443 2.139473 1.685795 1.789946 1.699856 1.470526 1.601789 1.577086 1.539200 1.783526 0.548388 1.459619 0.909091 1.578948 0.785246 0.000000 1.499999 	3.241585
1.765245 1.848180 1.688952 1.812835 1.645727 1.901569 1.562698 2.080643 0.947011 1.251152 1.134906 2.204966 1.214752 2.385316 1.244318 2.256878 1.655030 1.973759 1.543956 2.106593 1.121832 1.981409 1.226451 1.902934 0.969369 1.045194 0.891883 0.818174 0.631578 0.801364 0.000000 0.749991 	2.938093
2.066911 0.749383 1.620221 1.072061 1.271025 1.510824 1.100821 1.922323 0.989985 1.146991 1.106564 2.260909 1.121032 2.566686 1.096215 2.499195 1.515584 1.911239 0.830194 2.134049 0.256263 2.087769 0.433737 2.059131 1.279446 0.469701 0.243328 0.363636 0.315790 0.331622 0.000000 0.000000 	2.051045
1.419989 1.046587 1.234743 1.197642 1.148677 1.494387 1.062955 1.868171 0.996714 1.136535 1.132766 2.240907 1.156774 2.540206 1.135314 2.469383 1.517849 1.917245 0.837541 2.114304 0.270134 2.053362 0.450141 2.017231 1.229619 0.464021 0.351331 0.424231 0.368411 0.365048 0.000000 0.249953 	1.201191
0.639502 1.158426 0.856716 1.314561 1.247591 1.631774 1.135975 1.987402 1.012948 1.153050 1.146685 2.266016 1.168300 2.566225 1.144444 2.493564 1.515915 1.897255 0.834317 2.101495 0.265567 2.048913 0.445302 2.018176 1.267158 0.514379 0.364849 0.499982 0.315789 0.370908 0.000000 0.000000 	1.764247
0.958113 1.451686 0.985151 1.485000 1.139568 1.612966 1.257022 1.906491 0.944564 2.884790 1.075924 2.603290 1.114258 2.186536 1.113468 2.110852 1.217354 2.012256 0.851675 2.222282 0.491540 2.140330 0.746264 2.083414 1.465654 0.378000 0.621718 0.424368 0.210605 0.567783 0.000000 0.249953 	2.555198
1.915135 2.020993 1.658530 1.886259 1.341398 1.948734 1.158802 2.224978 0.628677 2.999996 0.713078 2.999993 0.740376 2.441656 0.743920 2.183287 1.930058 2.101760 1.422772 2.405283 0.803974 2.350758 0.816572 2.303068 1.617058 0.193225 0.324329 0.181822 0.315785 0.530234 2.999977 0.749983 	2.626276
1.312391 1.904745 1.356274 1.696120 1.380752 1.702629 1.412149 1.877626 0.905171 2.956275 1.051838 2.860058 1.107090 2.181276 1.122687 1.788680 2.183542 2.046502 1.965832 2.224391 1.449128 2.109902 1.404863 2.026483 1.715379 0.167611 0.459353 0.272739 0.105270 0.530339 3.000000 0.000000 	2.043458
1.617786 2.511100 1.682319 2.491042 1.847274 2.508017 1.977214 2.565447 1.870912 0.660914 2.004408 1.426825 2.002771 1.653477 1.959573 1.623643 1.748910 1.027435 1.583783 1.141713 1.370513 1.177307 1.508566 1.195911 0.279436 1.507571 0.851304 1.909019 2.289442 1.022246 0.000000 0.750295 	3.301789
1.843231 2.097099 1.875431 2.266867 1.931805 2.488300 1.983622 2.709234 2.051482 0.834409 1.997311 1.685651 1.917882 1.949947 1.839260 1.915864 1.863915 1.342528 1.514535 1.469323 1.169649 1.467694 1.311727 1.470216 0.918956 0.408460 0.243252 0.636379 0.315814 0.153760 0.000000 0.750000 	3.193326
1.818266 0.913840 1.573669 1.167517 1.373031 1.534334 1.267401 1.889820 1.194206 0.930626 1.289601 1.897697 1.296013 2.206964 1.260829 2.180984 1.667390 2.012228 1.197318 2.124176 0.684363 2.032846 0.807329 1.978952 1.222585 0.420643 0.251295 0.369602 0.326760 0.289967 0.000000 0.294341 	1.965028
1.301458 1.142445 1.292835 1.381142 1.262650 1.760652 1.198415 2.130419 1.459408 0.992285 1.466788 2.023773 1.424673 2.377182 1.331964 2.365364 1.809022 2.714564 1.258732 2.557646 0.715437 2.369637 0.812051 2.275379 1.257792 0.503883 0.222987 0.454609 0.315938 0.353574 0.000000 0.374824 	1.881788
1.228269 1.435228 1.177000 1.583840 1.131780 1.937734 1.028556 2.336324 0.857605 1.840356 0.889720 2.232929 0.877829 2.343102 0.843278 2.370231 1.784414 2.194988 1.110784 2.421034 0.457461 2.369440 0.533577 2.334248 1.321672 0.423995 0.335149 0.487655 0.342226 0.452931 0.000000 0.078729 	1.850698
1.206637 1.803947 1.087567 1.850605 0.991508 2.179586 0.901516 2.592195 0.588601 2.841076 0.596587 2.502577 0.582904 2.322892 0.564129 2.379633 1.808538 2.047646 1.057298 2.425631 0.327246 2.435796 0.379381 2.428973 1.326817 0.330534 0.227047 0.472704 0.284250 0.450420 0.000000 0.000000 	2.645924
1.328623 1.803764 1.113062 1.842498 0.932922 2.141794 0.834074 2.535602 0.544630 2.838953 0.563620 2.474554 0.556787 2.259234 0.542574 2.336245 1.815372 2.084692 1.073177 2.462589 0.345209 2.460384 0.393456 2.446023 1.392717 0.253781 0.081087 0.272730 0.157897 0.305524 2.999959 0.000001 	2.906437
1.089148 1.159538 1.070597 1.347919 1.196668 1.723240 1.224936 2.127805 0.929635 2.842894 1.064245 2.487691 1.099901 2.339330 1.102625 2.368910 2.167938 2.637654 2.124339 2.802574 1.582224 2.675423 1.474992 2.586610 2.034712 0.178353 0.608124 0.227291 0.078978 0.687164 3.000000 0.000000 	2.161363
1.461000 1.168056 1.611594 1.223386 1.886533 1.323370 2.137598 1.428085 2.112409 0.375387 2.346516 0.852053 2.401265 0.991001 2.388087 0.971517 2.091108 0.714644 2.000891 0.700596 1.888561 0.688511 2.047688 0.684611 0.269471 1.236503 0.616264 1.436234 1.736670 0.829783 0.000000 0.000000 	3.173387
1.469244 1.542038 1.611544 1.581468 1.743424 1.651231 1.882261 1.744073 2.005994 0.429888 2.107862 1.010510 2.100029 1.190534 2.058497 1.174813 1.515049 0.788193 1.383049 0.742937 1.195843 0.765168 1.431642 0.782205 0.818296 0.554255 0.162168 0.818183 0.789479 0.442004 0.000000 0.749989 	3.030708
1.816569 0.903608 1.708922 1.029008 1.566587 1.273954 1.514211 1.539494 1.145856 0.525152 1.295289 1.165641 1.344651 1.448114 1.351924 1.490787 1.850651 1.805661 1.763391 1.911336 1.347348 1.788997 1.386622 1.707114 1.178050 0.271043 0.351209 0.272625 0.315701 0.188992 0.000000 0.750000 	2.670780
2.064148 0.967135 1.768280 1.090784 1.506373 1.427608 1.373745 1.773574 0.893417 0.677104 1.035947 1.535844 1.082665 1.853000 1.089037 1.876476 1.963113 2.092983 1.524854 2.266271 1.034459 2.146920 1.090046 2.063812 1.464060 0.333043 0.162166 0.181828 0.315795 0.281462 0.000000 0.000007 	1.848171
1.724234 1.044863 1.577474 1.352107 1.243714 1.777476 1.035643 2.217632 0.540807 0.549626 0.592055 1.573945 0.606131 2.080802 0.604680 2.198985 1.955692 2.181031 1.330014 2.539556 0.645019 2.505523 0.652158 2.468856 1.559632 0.529657 0.932289 0.636256 0.552538 0.789943 0.000000 0.000000 	2.392877
1.779801 1.910566 1.748881 1.746243 1.219369 1.784625 0.951838 2.171207 0.270378 2.980024 0.356302 2.941826 0.398666 2.320662 0.418994 2.184711 2.157111 2.420543 1.738750 2.815083 0.934763 2.757058 0.819144 2.698301 2.294047 0.100448 0.891882 0.181825 0.157899 0.764641 0.000000 0.749985 	3.708428
1.520357 1.327713 1.521672 1.374348 1.445352 1.582983 1.379915 1.891487 0.866991 2.278499 1.007069 2.227893 1.058318 1.863358 1.071109 1.786869 1.993271 2.016177 1.707703 2.226486 1.238578 2.136354 1.258986 2.069324 1.740275 0.144018 0.492349 0.260607 0.100416 0.528620 2.483894 0.123788 	2.577405
1.669569 0.793337 1.715043 0.972724 1.696410 1.289632 1.581196 1.636575 0.918017 2.846596 1.091955 2.497085 1.163403 1.839113 1.187922 1.682984 1.931443 2.085006 1.853270 2.275880 1.523606 2.153342 1.552557 2.062884 1.824960 0.099877 0.669000 0.295470 0.078929 0.678547 3.000000 0.000000 	2.565852
1.603963 1.162127 1.724709 1.221304 1.875565 1.291975 2.005701 1.368757 2.314266 0.532275 2.449722 1.058185 2.433790 1.161750 2.374120 1.098215 2.050924 1.069464 1.865815 0.856879 1.683941 0.765680 1.840372 0.729025 1.113171 0.432392 0.324477 0.522828 0.513297 0.301194 0.000000 0.000000 	2.543154
2.190141 0.583609 2.295490 0.409525 2.481658 0.313346 2.679559 0.249105 2.586997 0.148776 2.909059 0.232468 2.999969 0.165160 2.999965 0.093096 2.503325 1.066191 2.721678 0.477269 2.819100 0.185004 2.927287 0.050008 1.075164 0.276120 0.729685 0.363637 0.631560 0.196211 0.000000 0.000000 	5.318593
1.438331 1.291030 1.437207 1.365327 1.514980 1.532964 1.617174 1.752070 1.479934 0.719586 1.650304 1.395156 1.696132 1.599682 1.692352 1.578875 1.917825 2.012919 1.747892 1.859275 1.455098 1.687705 1.561424 1.598953 1.191958 0.421133 0.270131 0.555656 0.431969 0.282421 0.000000 0.587211 	2.307434
1.766930 1.857352 1.695370 1.825204 1.665156 1.917878 1.654337 2.085323 1.015142 0.584254 1.210839 1.361548 1.292589 1.644750 1.321673 1.660373 1.624136 1.957101 1.482931 2.039886 1.117485 1.881037 1.228827 1.778008 1.127746 0.590715 0.405401 0.636368 0.473693 0.510077 0.000000 0.000006 	2.148095
1.642307 1.323365 1.630637 1.684181 1.655650 2.062687 1.571690 2.419944 0.730814 0.517304 0.859105 1.370008 0.910615 1.799931 0.927248 1.903201 1.482573 1.933539 1.092728 2.151320 0.633260 2.100988 0.791817 2.066897 0.968994 0.766881 0.173737 0.909091 0.924828 0.684133 0.000000 0.000000 	2.733260
1.189921 1.426230 1.271667 1.514663 1.384353 1.710613 1.429144 1.994324 0.810562 0.791353 0.956509 1.394869 1.014186 1.647014 1.032331 1.715620 1.982586 1.975345 1.616951 2.171072 1.109558 2.089358 1.145602 2.031092 1.604040 0.334493 0.485256 0.462211 0.350038 0.584521 1.527125 0.106623 	2.376559
1.327216 1.662985 1.346304 1.614691 1.458803 1.687198 1.593965 1.824873 1.330938 0.498665 1.504978 1.158072 1.554399 1.405321 1.554627 1.425439 2.087836 1.612186 1.763449 1.653717 1.399446 1.550534 1.475541 1.488952 1.422415 0.190475 0.162098 0.227291 0.078916 0.214401 2.999999 0.000000 	3.179520
1.625722 0.774613 1.679466 0.859463 1.765810 1.038125 1.815976 1.241777 1.522404 1.286890 1.701718 1.418009 1.758442 1.255182 1.763234 1.196422 2.194376 1.727123 2.104047 1.694290 1.866194 1.531942 1.913880 1.432172 1.741612 0.135116 0.533052 0.238349 0.085281 0.460162 3.000000 0.170096 	2.507976
1.014601 1.423219 1.156894 1.389281 1.443506 1.526080 1.722034 1.707552 1.843666 0.582504 2.071617 1.263798 2.128000 1.494808 2.107248 1.493386 2.061584 1.401800 1.832822 1.395438 1.601506 1.343410 1.739347 1.319527 1.547181 0.889598 0.924148 1.472750 0.757908 1.447080 0.000000 0.149749 	2.821363
0.963946 1.461432 1.088992 1.472773 1.354373 1.588326 1.591459 1.777247 1.538972 0.690725 1.725910 1.368579 1.777468 1.572015 1.772124 1.554772 2.097089 1.821386 1.853143 1.731363 1.552617 1.603486 1.643367 1.536568 1.501389 0.481430 0.685670 0.795121 0.390719 0.677959 0.000000 0.519745 	2.296468
0.744314 1.724218 0.791854 1.615921 0.998435 1.673683 1.247523 1.901777 1.659660 1.128108 1.902464 1.905936 1.974925 2.048981 1.975497 1.959820 2.079799 2.891683 1.915513 2.435893 1.716030 2.141801 1.833577 2.000911 1.364531 0.373467 0.270296 0.666661 0.157984 0.227247 0.000000 1.000235 	3.060091
1.268709 1.212246 1.294262 1.296310 1.413436 1.497715 1.462935 1.779788 0.981642 1.122338 1.151496 1.871290 1.216689 1.979452 1.235218 1.876735 2.124667 2.883527 1.877091 2.419262 1.538222 2.132483 1.524739 1.997098 1.462518 0.382023 0.486455 0.636364 0.394706 0.378300 0.000000 1.499999 	2.431523
1.247759 1.244262 1.305687 1.405017 1.420787 1.644037 1.433205 1.941002 0.809522 0.541649 0.953696 1.302332 1.010879 1.685461 1.028892 1.769313 1.996334 2.179423 1.623343 2.276808 1.138085 2.160606 1.168075 2.088283 1.611894 0.336300 0.490690 0.491178 0.360322 0.583217 1.882728 0.497464 	1.800816
0.524614 1.214660 0.742300 1.205058 1.164608 1.349796 1.385201 1.595451 0.817745 0.291075 0.981616 0.896854 1.051780 1.355111 1.078161 1.504992 2.373485 2.046975 2.005016 2.234022 1.478735 2.121591 1.427874 2.039352 2.063394 0.066190 0.831162 0.227294 0.000000 0.579936 3.000000 0.000000 	2.375694
1.320262 0.421565 1.534492 0.586332 1.591185 0.931205 1.549608 1.248052 1.027542 0.282183 1.222804 0.828295 1.302276 1.180212 1.329244 1.291141 2.657091 2.008560 2.329135 2.112240 1.866570 1.956819 1.785312 1.848262 1.791128 0.067234 0.810806 0.272727 0.000002 0.507647 3.000000 0.000002 	2.185724
1.880791 0.233414 1.919919 0.310663 2.032974 0.416963 2.155573 0.519093 2.252810 0.250923 2.415771 0.552345 2.450330 0.630997 2.432020 0.618461 2.505420 1.475998 2.526994 1.180691 2.441153 0.941948 2.489009 0.808765 1.845486 0.144896 0.675534 0.181784 0.105303 0.388623 3.000000 0.499624 	3.708883
0.680005 1.505549 0.898106 1.499933 1.290226 1.655538 1.633510 1.878376 1.212963 0.496786 1.416297 1.173272 1.493203 1.479788 1.514365 1.541308 1.639132 1.644831 1.396836 1.703763 1.114535 1.643329 1.296671 1.611013 1.626866 0.633655 0.594605 1.030348 0.473684 1.253300 0.000000 0.000000 	1.894340
0.917479 1.791889 1.111900 1.676388 1.400993 1.687828 1.523840 1.866820 0.956567 0.586232 1.122205 1.326825 1.187417 1.626598 1.207519 1.666523 2.095925 1.872965 1.776441 2.037365 1.326962 1.943364 1.356153 1.875793 2.055702 0.329208 1.459658 0.575615 0.210368 0.865772 0.000000 0.500188 	2.113513
0.537814 0.992299 0.746591 1.182096 1.150555 1.506008 1.440404 1.833515 0.926412 0.744943 1.080011 1.547200 1.140258 1.804608 1.158526 1.802142 1.842352 2.062917 1.727795 2.163312 1.393689 2.051138 1.423490 1.974763 1.579327 0.283890 0.594544 0.515157 0.000000 0.687706 0.000000 0.250235 	2.043533
1.209315 1.083859 1.252389 1.258737 1.323308 1.529855 1.351164 1.852610 0.861395 0.749929 1.002888 1.586045 1.055890 1.888061 1.070025 1.906357 1.998668 2.392354 1.710094 2.380316 1.269158 2.232927 1.277004 2.147132 1.724506 0.252372 0.510531 0.424342 0.186113 0.607425 1.780221 0.870577 	1.822591
1.397275 1.159553 1.389145 1.355963 1.329487 1.617335 1.278876 1.933629 0.818712 0.688339 0.949729 1.529461 0.997193 1.876499 1.008594 1.930063 2.080782 2.364444 1.667625 2.399442 1.124034 2.272419 1.132344 2.200143 1.795591 0.234625 0.466059 0.386273 0.236768 0.549861 3.000000 1.124912 	1.897073
1.700718 0.909558 1.604492 0.967151 1.596433 1.190511 1.559797 1.482135 0.954853 0.526912 1.144295 1.176857 1.224614 1.456205 1.254206 1.519287 1.882277 2.062239 1.789591 2.214017 1.486530 2.076009 1.577010 1.977922 1.693821 0.230837 0.891988 0.454581 0.157895 0.710738 3.000000 0.000000 	1.571776
1.707026 0.348502 1.759084 0.700293 1.676003 1.084637 1.545000 1.437543 0.918889 0.252816 1.097113 0.833006 1.172306 1.274121 1.199700 1.418298 1.868048 2.076020 1.890784 2.233235 1.564846 2.096279 1.568607 1.997997 1.798636 0.064668 0.470216 0.199977 0.063079 0.529580 3.000000 0.000000 	1.719725
2.447905 1.165675 2.113125 1.100764 1.765790 1.160578 1.620247 1.289203 0.985844 0.213875 1.168733 0.653878 1.244998 1.051850 1.271944 1.188377 2.510116 2.015734 2.413576 2.118628 1.951086 1.953123 1.831844 1.835969 2.034501 0.123118 1.013529 0.136346 0.157833 0.453382 3.000000 0.750000 	2.208348
0.649863 1.773993 0.862305 1.783082 1.243967 1.993244 1.489913 2.292797 1.005061 0.632771 1.171632 1.542868 1.234546 1.958354 1.251835 2.038182 1.730461 1.904764 1.449667 2.150826 1.094676 2.129124 1.204598 2.110407 1.384987 1.216347 0.849735 1.591375 1.089141 1.648594 0.000000 0.117048 	2.275895
0.520929 2.489596 0.732459 2.480671 1.153910 2.488626 1.429383 2.634085 0.872616 0.549893 1.027766 1.357681 1.089222 1.756680 1.108597 1.848819 2.289334 2.083574 1.835324 2.338795 1.329817 2.257149 1.328798 2.191890 1.650684 0.459220 0.932480 0.818289 0.315665 0.772737 0.000000 0.000000 	2.651782
0.569608 1.293871 0.743757 1.452917 1.081693 1.821099 1.237617 2.221402 0.839160 0.620060 0.996931 1.650451 1.061241 2.131794 1.082945 2.226864 2.045154 2.347658 1.608524 2.593647 1.107772 2.529440 1.148955 2.476498 1.715407 0.533782 0.843236 0.709175 0.189474 0.980655 0.000000 0.599812 	2.135471
0.794016 1.100270 0.899391 1.292209 1.047017 1.703138 1.084441 2.126940 0.699801 0.625306 0.817525 1.642261 0.862712 2.120136 0.875763 2.217493 2.031975 2.354038 1.603096 2.617953 1.006192 2.550057 1.003220 2.494791 1.675274 0.310028 0.557802 0.466420 0.095976 0.677719 1.656479 0.402891 	1.988529
1.091810 0.605087 1.062226 0.970556 1.153553 1.409063 1.154367 1.819429 0.788159 0.584781 0.903493 1.489021 0.943684 1.898780 0.951866 1.977196 2.004021 2.306947 1.694669 2.471271 1.135516 2.365369 1.122826 2.290460 1.732530 0.113448 0.405405 0.145447 0.063079 0.412512 3.000000 0.149937 	1.721197
1.402871 0.544730 1.368414 0.840449 1.384371 1.234436 1.494108 1.597285 0.927693 0.661138 1.082608 1.465942 1.144083 1.737002 1.163267 1.748035 2.586120 2.341148 2.320638 2.355384 1.787814 2.210864 1.667542 2.109392 1.960776 0.152705 0.498124 0.064840 0.000000 0.560418 3.000000 0.320998 	1.631191
1.684416 0.385884 1.621543 0.773840 1.476324 1.182430 1.377720 1.552574 0.935522 0.312578 1.063767 1.066386 1.110183 1.488786 1.120517 1.603063 2.612420 2.068038 2.071432 2.240382 1.509124 2.128067 1.438561 2.045674 1.738575 0.175330 0.378288 0.242411 0.026287 0.502048 3.000000 0.000000 	1.115894
2.305676 0.188438 2.038233 0.601129 1.673210 1.005102 1.522692 1.369501 0.919589 0.202929 1.104555 0.840222 1.183537 1.294373 1.213067 1.436398 2.343479 2.051262 2.144438 2.222563 1.708975 2.093843 1.654349 2.000065 1.745943 0.060336 0.405567 0.113620 0.118449 0.371552 3.000000 0.187368 	1.076253
0.695452 1.699947 0.900450 1.812082 1.239857 2.303104 1.360095 2.819802 0.830920 0.871102 0.954247 2.142957 0.997855 2.703753 1.007346 2.798590 1.548313 2.096263 1.359329 2.585539 1.010744 2.658318 1.070529 2.690540 0.796387 2.635287 1.135135 2.954528 2.842043 2.793093 0.000000 0.375148 	4.137798
0.671692 1.672399 0.868194 1.757239 1.136221 2.174320 1.268974 2.606050 0.621870 0.631590 0.695414 1.660259 0.718068 2.157308 0.719677 2.264400 1.785842 1.948907 1.291515 2.345125 0.631408 2.365342 0.669556 2.363995 1.623052 0.887639 0.540439 1.303127 0.842155 1.264672 0.000000 0.000000 	2.153440
0.534838 1.052390 0.744087 1.518576 1.159402 1.997898 1.355171 2.432010 0.628108 0.474335 0.722378 1.419614 0.757364 1.919417 0.766233 2.047259 1.565838 1.978727 1.391643 2.315757 0.790838 2.303280 0.809286 2.282357 1.016504 0.838592 0.364849 1.045437 0.868390 0.832005 0.000000 0.374852 	2.370361
0.660627 1.398054 0.859420 1.424886 0.743612 1.943290 0.558473 2.474728 0.147102 0.615043 0.175196 1.772304 0.186358 2.374364 0.189968 2.527381 1.955523 2.293294 1.053809 2.784413 0.204887 2.805346 0.203619 2.798383 1.567201 0.158003 0.162098 0.454546 0.000000 0.472753 2.999999 0.375148 	3.080388
1.702856 0.719747 1.516853 1.178948 1.186618 1.683873 0.991726 2.158027 0.522494 0.515306 0.585840 1.532657 0.606545 2.067201 0.609274 2.201240 2.018907 2.319027 1.437859 2.619307 0.748563 2.577809 0.729492 2.536312 1.747127 0.147798 0.081024 0.113588 0.078984 0.419933 3.000000 0.562456 	1.979483
1.669487 0.758722 1.609833 1.076278 1.491776 1.457104 1.386657 1.816200 0.808970 0.417707 0.935534 1.178452 0.981518 1.578728 0.992714 1.680566 2.102718 2.005544 1.595519 2.191248 1.059595 2.091365 1.086757 2.021229 1.323046 0.146106 0.000009 0.181817 0.000001 0.134553 3.000000 0.000004 	1.527978
1.787426 0.337538 1.817941 0.741979 1.516474 1.194731 1.327263 1.603824 0.721761 0.235014 0.863451 0.944897 0.924912 1.471840 0.948345 1.637560 2.607874 2.143056 2.057922 2.388858 1.450578 2.288091 1.361685 2.208647 1.719064 0.120255 0.162286 0.136438 0.039539 0.426859 3.000000 0.000000 	0.990767
2.015500 0.234954 1.891442 0.669266 1.573936 1.093392 1.404631 1.477146 0.806087 0.169112 0.967536 0.839725 1.037250 1.345475 1.063791 1.508809 2.595268 2.099763 2.168904 2.308121 1.617947 2.192151 1.524286 2.104294 1.747600 0.083750 0.220035 0.103906 0.090308 0.366729 3.000000 0.000000 	0.638034
14
0.803714 1.943560 1.035254 1.797368 1.133909 1.800346 1.114083 1.999143 2.184236 0.846028 1.858340 1.937551 1.678562 2.302258 1.563123 2.300305 1.908365 2.720925 1.752544 2.764127 1.382948 2.581423 1.342915 2.458446 1.356301 0.195048 0.243243 0.193548 0.000000 0.156537 3.000000 0.000000 	2.403534
 1.574899 0.972026 1.414731 1.160442 1.365427 1.422291 1.430020 1.695135 2.253869 1.133106 2.258953 1.968456 2.172144 2.149429 2.085840 2.070192 2.477471 2.997251 2.769850 2.699338 2.521094 2.402007 2.327871 2.226496 1.418617 0.297319 0.291892 0.387097 0.166667 0.185730 3.000000 1.200000 	3.629374
 2.276273 0.234864 2.375523 0.333467 2.288392 0.500493 2.280306 0.661949 1.663043 0.042603 1.953325 0.212374 2.074400 0.448947 2.129027 0.544396 2.466754 1.392331 2.656638 1.310171 2.507697 1.143968 2.469450 1.034938 1.696230 0.168783 0.043275 0.096774 0.166667 0.255634 3.000000 0.131965 	3.351782
 1.860702 0.030128 1.874442 0.088567 1.970662 0.163534 2.113126 0.234745 2.127402 0.207224 2.396352 0.425689 2.483333 0.458705 2.508674 0.431045 2.637254 1.175220 2.728468 0.916397 2.610623 0.712998 2.602678 0.593527 1.375694 0.034352 0.000000 0.115207 0.047619 0.098359 3.000000 0.000000 	3.096765
 2.334209 1.095256 2.398238 1.067414 2.575894 1.039268 2.762278 1.013372 2.358188 0.204194 2.657606 0.391955 2.749653 0.391352 2.770944 0.341140 2.378783 0.540259 2.513136 0.369192 2.476906 0.253724 2.555237 0.190766 0.893383 0.351981 0.431581 0.391669 0.564304 0.155233 0.000000 0.200787 	3.969015
 1.894541 0.696945 1.746766 0.759189 1.738671 0.940043 1.829016 1.178037 2.123416 0.845322 2.297784 1.648304 2.313348 1.829868 2.294404 1.757170 2.318543 1.591317 2.267579 1.700494 2.029405 1.615243 2.048540 1.549347 1.089272 0.360167 0.285714 0.170507 0.206349 0.093716 0.000000 0.000000 	3.747375
 1.505196 0.919708 1.591421 0.950017 1.786776 1.021170 1.997724 1.099502 2.247730 0.392634 2.453604 0.856520 2.496363 0.956848 2.492783 0.915095 2.228409 1.012406 2.221426 0.807143 2.083784 0.725197 2.162314 0.684652 1.084154 0.304640 0.324203 0.465572 0.199825 0.253502 0.000000 0.232597 	2.700848
 1.676766 0.683799 1.636078 0.875425 1.623766 1.126261 1.633249 1.372878 1.333779 0.707845 1.491130 1.313053 1.539951 1.450339 1.552443 1.416812 1.962349 1.500949 1.673099 1.488087 1.293634 1.424364 1.335652 1.384408 1.157397 0.188945 0.078586 0.271606 0.119048 0.156624 0.000000 0.706044 	2.333848
 1.573083 1.116926 1.588336 1.188971 1.606228 1.338131 1.606068 1.530850 1.151107 0.420719 1.337704 1.026243 1.409980 1.298467 1.439356 1.359531 1.656166 1.369528 1.524625 1.490932 1.256100 1.467044 1.314285 1.446839 1.191032 0.479589 0.212849 0.489905 0.338460 0.554070 0.000000 0.979824 	1.712928
 1.349779 0.769556 1.238185 0.956557 1.183814 1.254827 1.219312 1.553943 1.420667 0.640568 1.497723 1.489124 1.481331 1.780898 1.450596 1.788929 1.720064 1.548447 1.463848 1.704321 1.004814 1.677861 1.039155 1.655541 1.016189 0.511177 0.416988 0.299539 0.285714 0.361262 0.000000 0.892857 	2.328647
 0.554682 0.908428 0.513528 1.025120 0.593699 1.185346 0.771095 1.360214 2.645380 0.938635 2.446886 1.839106 2.232829 2.020659 2.078580 1.919263 1.256949 0.711242 0.763069 0.564115 0.380615 0.719114 0.606355 0.826011 0.652591 0.835590 0.162162 0.677419 0.833333 0.197796 0.000000 0.750000 	3.813365
 0.972672 1.186045 1.065673 1.217175 1.239535 1.377081 1.400087 1.599211 1.490496 2.330611 1.574268 2.304065 1.563717 1.770253 1.540282 1.647598 1.566144 1.310055 1.352558 1.390442 1.040895 1.405676 1.109803 1.412128 1.197683 0.567178 0.279855 0.553159 0.400681 0.565157 0.000000 1.706138 	1.684565
 1.468616 1.033356 1.578243 1.160275 1.628689 1.374463 1.622496 1.625197 1.111041 2.837372 1.287727 2.440689 1.355292 1.604546 1.382199 1.483908 1.599166 1.459149 1.494529 1.589067 1.264228 1.562379 1.298657 1.539746 1.265290 0.494640 0.159549 0.554489 0.350546 0.661109 0.000000 1.335470 	2.016140
 1.821364 1.775931 1.677690 1.848005 1.453525 2.112656 1.342013 2.413840 1.550358 2.879530 1.445779 2.638499 1.326389 2.333906 1.236467 2.265889 1.761746 1.683562 1.173296 1.925699 0.565820 1.927913 0.585787 1.920823 1.022365 0.437649 0.069498 0.276498 0.214286 0.136947 0.000000 0.000000 	2.500319
 1.570432 1.177344 1.273954 1.387052 1.051921 1.726363 1.005981 2.082054 1.302616 1.065064 1.366549 2.148005 1.341612 2.481146 1.301680 2.452353 1.986861 1.929609 1.482826 2.147531 0.916134 2.150468 0.901044 2.142381 1.364118 0.251662 0.186819 0.139078 0.059437 0.210773 3.000000 0.000000 	2.589294
 1.502269 0.712567 1.305641 0.989687 1.192976 1.335401 1.194442 1.674947 2.251065 0.769684 1.963551 1.792434 1.800385 2.130706 1.693549 2.126766 2.663172 2.526675 2.286716 2.550218 1.753874 2.381414 1.610167 2.266901 1.297429 0.111764 0.000000 0.000000 0.000000 0.006306 3.000000 0.000000 	3.149378
 2.196393 0.407046 2.117374 0.481008 1.835094 0.757061 1.743501 1.029352 1.165097 0.003611 1.390272 0.445667 1.489007 0.860497 1.536296 1.008270 2.394540 1.524527 2.196787 1.588914 1.796820 1.507360 1.744409 1.447898 2.397457 0.137364 0.394913 0.121822 0.209804 0.612716 3.000000 0.194118 	3.122845
 1.094732 0.944278 1.241331 0.909260 1.491664 0.985721 1.741068 1.096728 2.340615 0.587081 2.584615 1.230130 2.553633 1.359983 2.485023 1.292384 2.290542 1.430629 2.284922 1.239098 2.089410 1.099383 2.121665 1.026355 1.313803 0.195091 0.324324 0.329032 0.166667 0.237624 3.000000 0.600000 	3.007878
 2.920253 1.717592 2.799214 1.525007 2.823108 1.376345 2.920368 1.272301 2.476253 0.354979 2.848459 0.662490 2.965468 0.638971 2.988708 0.541577 2.790110 1.198314 2.927065 0.848296 2.876733 0.592017 2.878017 0.450855 1.418485 0.000000 0.729730 0.193548 0.000000 0.292116 3.000000 0.450000 	4.319157
 0.716786 1.879270 0.940224 1.713965 1.345895 1.596100 1.720698 1.538351 2.634258 0.509213 2.664716 1.036031 2.595569 1.107272 2.524077 1.023460 2.081777 0.971617 2.030645 0.798149 1.846845 0.696593 1.930700 0.642897 1.077368 0.224676 0.335014 0.349192 0.091864 0.105329 0.000000 0.060428 	3.097525
 1.710349 1.691891 1.721832 1.667832 1.752521 1.705452 1.836345 1.777397 2.808425 0.907577 2.872522 1.705427 2.680846 1.811189 2.509749 1.675233 1.569075 1.114239 1.273631 0.795676 0.994846 0.739363 1.174549 0.744081 1.171247 0.307762 0.372973 0.387097 0.166667 0.309540 0.000000 2.400000 	3.513889
 1.281113 1.651054 1.350469 1.496346 1.530966 1.496258 1.689786 1.566530 1.613247 0.505025 1.820146 1.115351 1.866559 1.318421 1.869521 1.325184 1.891249 1.412367 1.707830 1.346903 1.419681 1.278020 1.503825 1.244590 1.422342 0.520742 0.448827 0.572492 0.171795 0.626972 0.000000 1.124725 	2.527704
 1.741770 1.794090 1.657037 1.749010 1.657177 1.799341 1.719701 1.919470 1.727590 0.570974 1.868877 1.309848 1.869771 1.549991 1.844085 1.546656 1.763962 1.239039 1.558921 1.299906 1.238737 1.300263 1.326077 1.299893 1.065399 0.754287 0.404451 0.711575 0.523529 0.499111 0.000000 0.176471 	2.405627
 1.545529 1.848088 1.606714 1.817331 1.519380 1.944201 1.515383 2.155051 1.088295 1.253377 1.247299 2.219014 1.304757 2.386558 1.325744 2.257694 1.591157 1.717604 1.321336 1.899317 0.906858 1.851470 0.985590 1.817858 1.015220 1.261714 0.800477 0.937740 0.551181 0.828408 0.000000 0.431102 	2.943163
 0.947785 1.430703 1.043152 1.417748 1.211791 1.548398 1.375014 1.755019 1.492651 1.906930 1.563485 2.227599 1.541854 1.956885 1.511550 1.846892 1.562527 1.416159 1.287799 1.504549 0.928353 1.510281 1.006118 1.511515 1.141970 0.741826 0.439434 0.670158 0.460340 0.597472 0.000000 1.731902 	2.003509
 0.717536 1.340420 0.936970 1.287965 1.311600 1.435474 1.586710 1.687140 1.063311 2.838671 1.231375 2.455496 1.295668 1.670620 1.321333 1.551631 1.678422 1.552524 1.572257 1.687111 1.269628 1.654570 1.267637 1.627455 1.471891 0.478355 0.387775 0.525504 0.213588 0.727411 0.000000 2.612932 	2.604878
 1.287513 1.334820 1.312100 1.330644 1.335628 1.535267 1.404696 1.843001 1.013236 2.309821 1.169541 2.403540 1.221152 2.014462 1.232824 1.927646 1.653852 1.755144 1.331036 1.911574 0.935675 1.864754 0.971876 1.832061 1.442184 0.530234 0.356670 0.524072 0.297413 0.609400 0.000000 1.243039 	1.852115
 1.218939 1.712604 1.072552 1.655638 1.072735 1.731466 1.189382 2.066715 0.797050 2.839374 0.939433 2.487075 0.998393 2.098859 1.024542 2.123129 2.050078 2.303279 1.820980 2.524073 1.423897 2.444382 1.356404 2.378062 1.604564 0.625169 0.502703 0.503226 0.400000 0.679136 0.000000 0.000000 	2.607183
 0.630138 1.707518 0.770546 1.581652 0.869324 1.971559 0.836309 2.398533 0.457234 0.619128 0.509595 1.648206 0.524022 2.136969 0.526444 2.246880 1.917881 2.094520 1.212117 2.467174 0.472106 2.474098 0.415753 2.459176 1.400475 0.248240 0.170434 0.389408 0.046876 0.363299 3.000000 0.000000 	3.296880
 1.751124 0.884959 1.617564 0.988183 1.453630 1.202708 1.409296 1.446487 2.069046 0.736127 1.948506 1.593794 1.835987 1.833612 1.749784 1.795336 1.946429 1.850094 1.621307 1.725374 1.191515 1.618748 1.215820 1.560936 1.345552 0.329791 0.389189 0.406452 0.000000 0.425852 3.000000 0.000000 	3.080853
 1.600738 0.447629 1.578982 0.590325 1.654419 0.793380 1.772360 0.994523 1.526605 0.358004 1.788553 0.816259 1.890146 0.984094 1.929765 1.005892 1.999101 1.385746 1.895032 1.342263 1.658309 1.220211 1.735317 1.147472 1.669332 0.193579 0.016483 0.199733 0.162806 0.402105 3.000000 0.579814 	2.388066
 0.787044 1.354118 1.008805 1.305027 1.381147 1.354420 1.699036 1.452137 1.637558 0.498462 1.865703 1.032820 1.934682 1.175561 1.950160 1.154623 2.051952 1.313022 1.875249 1.226371 1.596029 1.126079 1.660414 1.073107 1.595344 0.252660 0.208812 0.394483 0.023483 0.405764 3.000000 0.750000 	2.900943
 1.662473 1.067547 1.731258 1.116608 1.895606 1.207629 2.066771 1.304884 2.044659 0.446566 2.254763 0.903291 2.305821 1.001855 2.303315 0.962048 2.028058 0.894464 1.939016 0.860781 1.749298 0.790218 1.851431 0.750545 1.153642 0.431503 0.251027 0.469205 0.491632 0.295739 1.351678 0.483558 	2.598277
 1.761186 1.344581 1.760827 1.355476 1.829528 1.435842 1.941606 1.536692 2.104201 0.533974 2.282553 1.141346 2.297839 1.278847 2.274845 1.228305 1.980387 1.036208 1.823626 0.837464 1.590978 0.815631 1.693360 0.813412 1.082594 0.324718 0.188666 0.366713 0.283485 0.093110 0.000000 0.000458 	2.613777
 1.640101 2.855658 1.831164 2.874424 2.119172 2.890679 2.338725 2.909575 2.466226 0.679780 2.490821 1.315735 2.422003 1.409423 2.343580 1.311802 2.070874 1.304762 1.869035 1.098820 1.602525 0.971529 1.682260 0.908358 0.827252 0.525038 0.301455 0.608933 0.746642 0.142659 0.000000 0.750000 	3.794590
 1.063736 1.994558 1.170490 1.965568 1.352036 1.959921 1.473850 2.035958 2.038183 1.127252 2.137725 1.920001 2.114114 2.047087 2.063602 1.943642 2.130847 2.931985 2.034568 2.502501 1.799447 2.167355 1.848205 2.001089 1.328627 0.499111 0.507472 0.621632 0.201961 0.315360 0.000000 1.014706 	3.538208
 1.363812 1.152630 1.581022 1.208580 1.871884 1.263778 2.072040 1.326180 2.436910 1.200255 2.768345 1.947683 2.867643 1.932132 2.873678 1.703291 2.495619 2.886592 2.665693 2.253567 2.623250 1.760633 2.619585 1.481012 1.300583 0.383300 0.324324 0.967742 0.000000 0.260565 0.000000 0.750000 	4.212635
 0.798127 1.988295 0.986789 1.887767 1.347419 1.934875 1.573419 2.122741 1.368917 0.656712 1.490639 1.491732 1.510088 1.788252 1.501760 1.802034 1.749064 1.593612 1.429765 1.760075 1.016882 1.721398 1.082492 1.693013 0.915069 1.102904 0.720219 0.986472 0.488270 0.671912 0.000000 0.563050 	2.744744
 1.299973 2.205179 1.377881 2.158019 1.463490 2.145094 1.494554 2.246737 1.152344 0.772818 1.304765 1.634487 1.352678 1.910641 1.365433 1.910453 1.756893 1.692752 1.425241 1.909537 1.034940 1.874615 1.113564 1.841740 1.055073 1.156573 0.783148 0.975712 0.576471 0.755230 0.000000 2.444118 	2.626165
 1.298190 1.438028 1.328460 1.406571 1.319262 1.601977 1.358832 1.905036 1.056059 1.854424 1.205670 2.297112 1.242624 2.116748 1.237815 2.035369 1.611106 1.776681 1.205003 1.928409 0.743108 1.883733 0.789270 1.854736 1.405861 0.606933 0.468742 0.577854 0.360824 0.600362 0.000000 1.470889 	1.972952
 1.858233 1.583632 1.693407 1.482056 1.330609 1.645416 1.156871 2.000123 0.962999 1.155770 1.117963 2.284396 1.158413 2.574847 1.146429 2.502546 1.495378 1.926394 0.815428 2.093951 0.217911 2.037958 0.314140 2.010760 1.460594 0.659922 0.669243 0.669009 0.489503 0.577604 0.000000 0.000000 	2.201105
 1.855731 1.718569 1.534378 1.742666 1.215180 2.003609 1.041953 2.385899 0.775103 2.889514 0.823723 2.656382 0.810495 2.523622 0.785164 2.514164 1.347220 2.077510 0.733568 2.389840 0.139003 2.386300 0.231890 2.372843 1.353272 0.518144 0.349236 0.475349 0.200261 0.580800 0.000000 0.000000 	2.449486
 1.305388 1.716865 0.981762 1.509575 0.630410 1.872077 0.409402 2.460884 0.000000 0.632668 0.000000 1.869775 0.000000 2.497871 0.000000 2.660675 2.094298 2.421422 1.088993 2.953901 0.132271 3.000000 0.000000 3.000000 1.678523 0.280706 0.567568 0.387097 0.333333 0.632606 3.000000 0.750000 	3.785226
 2.027826 1.733992 1.991768 1.652896 1.665503 1.660893 1.537287 1.746117 0.955647 0.452796 1.148324 0.992492 1.233910 1.226406 1.275414 1.302840 2.048096 1.560371 1.849304 1.757119 1.441780 1.705533 1.420804 1.657748 1.806309 0.190236 0.393793 0.192604 0.165037 0.363098 3.000000 0.000001 	2.999894
 1.575669 1.625313 1.596795 1.532775 1.572948 1.497264 1.513539 1.507263 0.973145 0.459382 1.154342 0.954234 1.231968 1.156737 1.268144 1.247237 2.158481 1.926577 2.063872 2.012787 1.811373 1.880971 1.669165 1.783528 1.593631 0.218674 0.729730 0.290323 0.166667 0.402495 3.000000 1.500000 	2.581024
 1.951281 1.620733 1.962851 1.544387 1.999925 1.550498 2.007464 1.612034 1.407937 0.461701 1.665289 0.981111 1.773880 1.126178 1.823086 1.126807 1.956159 1.495826 1.797470 1.518031 1.550949 1.409458 1.645134 1.336897 2.259607 0.310319 0.193050 0.290323 0.333333 0.672674 3.000000 0.392857 	2.953861
 1.464910 1.286830 1.616747 1.355087 1.908690 1.452728 2.198976 1.550075 2.118023 0.375464 2.347777 0.862359 2.409020 0.998598 2.417892 0.978444 2.088239 0.590843 2.062335 0.638512 1.926027 0.654771 2.034305 0.662971 0.091667 1.657009 0.632432 1.597343 1.939216 0.872560 0.000000 0.000000 	3.646443
 1.859919 1.705271 1.861254 1.628853 1.949683 1.597282 2.080148 1.599663 1.634539 0.480068 1.916934 1.001091 2.033230 1.097475 2.084072 1.043956 2.117769 1.492453 1.987865 1.396794 1.772623 1.222125 1.856038 1.112015 1.476170 0.538350 0.476738 0.512818 0.632942 0.520852 0.000000 0.189150 	2.314867
 1.551215 0.619717 1.652242 0.805809 1.884209 1.059922 2.052499 1.299514 1.569166 0.254881 1.824221 0.719772 1.925725 1.004957 1.968773 1.088333 2.202588 1.296072 2.167603 1.366136 1.951634 1.315109 1.987304 1.278108 1.176352 0.393703 0.189982 0.493236 0.468719 0.566291 0.000000 0.000000 	3.318454
 1.765957 1.195004 1.744202 1.431658 1.785578 1.729075 1.872360 2.024934 2.061779 0.737349 2.224295 1.669213 2.208425 1.981206 2.161776 1.981148 1.987313 1.391104 1.727129 1.484298 1.431687 1.540727 1.524261 1.576482 0.709492 2.646637 2.513514 2.806451 3.000000 2.177098 0.000000 0.000000 	4.826688
 1.766034 1.266853 1.657589 1.264048 1.624569 1.485193 1.676359 1.749207 2.287293 1.135373 2.327061 1.961873 2.247420 2.122296 2.159131 2.031671 1.909253 2.945353 1.879550 2.534306 1.674697 2.218230 1.759290 2.052997 1.155951 0.467922 0.356757 0.580645 0.266667 0.214816 0.000000 0.750000 	4.059732
 0.178337 1.174814 0.189509 1.400754 0.364231 1.801756 0.633470 2.188476 1.410878 0.969479 1.385660 1.989696 1.331585 2.358273 1.274953 2.366301 1.492794 2.507584 1.182937 2.552001 0.908173 2.437458 0.959591 2.365337 0.875703 1.076225 0.420849 0.917051 0.611111 0.671209 0.000000 1.642857 	3.636142
 0.724216 1.623312 0.521005 1.553727 0.242933 1.592518 0.217525 1.718631 1.509063 1.238617 1.771624 2.399651 1.880018 2.666861 1.926963 2.559766 1.432472 1.433609 0.773353 1.553995 0.226177 1.577124 0.365606 1.614554 1.124622 1.437402 0.972973 1.548387 0.833333 1.283493 0.000000 1.500000 	3.344487
 1.633735 1.761678 1.585315 1.740423 1.305484 1.948395 1.159731 2.314571 0.966754 0.849187 1.108667 1.940007 1.089466 2.326319 1.024769 2.345193 1.765002 1.939044 1.125147 2.169675 0.473567 2.167964 0.480821 2.161447 1.120900 1.105530 0.779448 0.870401 0.805983 0.697016 0.000000 0.842308 	2.020538
 1.661024 0.936335 1.523867 1.368464 1.249542 1.810101 1.106184 2.221100 1.174698 0.817500 1.095823 1.915088 1.019383 2.317420 0.961429 2.345506 1.841653 2.086434 1.226245 2.286264 0.563656 2.267439 0.543484 2.247053 1.277454 0.784508 0.972973 0.774194 0.666667 0.820312 0.000000 0.000000 	1.924928
 1.846989 1.090612 1.767782 1.381058 1.398873 1.777911 1.220607 2.166575 0.947558 1.160047 1.059630 2.287555 1.074418 2.575446 1.057453 2.501819 1.449642 1.858444 0.765465 2.071615 0.166753 2.042672 0.269045 2.023285 1.137272 0.566775 0.177247 0.517065 0.424437 0.286382 0.000000 0.375103 	1.754458
 1.782696 0.875667 1.644726 1.091346 1.385700 1.542473 1.231299 1.987307 0.628846 0.501366 0.740164 1.454519 0.786656 1.933619 0.807637 2.052524 2.027369 2.209475 1.668219 2.529692 1.115451 2.486876 1.013095 2.437917 1.419291 0.294169 0.332483 0.299300 0.264890 0.426475 3.000000 0.019047 	2.317956
 0.607436 1.223342 0.807638 1.366738 1.111776 1.662309 1.151573 2.048519 0.759853 0.769630 0.891965 1.729661 0.946183 2.125291 0.969854 2.184508 1.916627 2.326918 1.874712 2.584435 1.370115 2.519568 1.256540 2.459689 1.633831 0.247922 0.469019 0.271932 0.059762 0.513455 3.000000 0.175867 	3.032503
 2.684096 2.686123 2.248577 2.730038 1.925669 2.782414 1.755612 2.844705 0.971459 0.720750 1.131666 1.472761 1.196592 1.660013 1.224596 1.625359 2.079360 2.021441 1.765234 2.125257 1.345881 1.988980 1.350117 1.888859 1.363823 0.351283 0.262548 0.437788 0.674603 0.283935 3.000000 0.750000 	3.247662
 1.896199 1.854066 1.799679 1.819232 1.715386 1.837857 1.676741 1.919014 1.320717 0.528634 1.488642 1.177561 1.532097 1.417933 1.540689 1.448652 1.907469 1.692569 1.801779 1.749554 1.481280 1.667239 1.490949 1.608766 1.278748 0.477619 0.353366 0.530369 0.426350 0.432982 1.949658 0.072490 	2.809098
 1.476313 1.459742 1.599056 1.535762 1.541521 1.693081 1.605879 1.888263 2.364321 0.997489 2.271411 1.920074 2.170944 2.141485 2.089616 2.064837 1.935505 1.318936 1.760123 1.590950 1.445217 1.602783 1.502739 1.594844 0.719348 0.775231 0.243243 0.580645 0.666667 0.277391 0.000000 0.000000 	3.337339
 1.670257 1.572970 1.795657 1.516219 1.931256 1.557284 2.007869 1.638033 2.364777 0.842084 2.473992 1.518433 2.453995 1.598717 2.400473 1.480590 2.070899 0.694558 1.873889 0.825546 1.613965 0.844183 1.697158 0.850706 0.735175 0.967729 0.861060 1.154952 0.946725 0.506827 0.000000 0.579179 	2.807952
 1.450959 1.235124 1.593992 1.358667 1.836899 1.508857 1.808212 1.676564 1.259855 0.396784 1.498767 1.021852 1.602626 1.300050 1.651898 1.358117 2.096364 1.523051 2.062480 1.605024 1.780250 1.543283 1.787787 1.501492 1.202286 1.298290 0.648649 1.548387 1.500000 1.577971 0.000000 0.000000 	2.558191
 1.357594 1.253708 1.542498 1.416183 1.859255 1.606191 2.133487 1.804103 1.596719 0.454053 1.885685 1.136821 2.008658 1.411748 2.065492 1.450186 2.127017 1.487463 2.112212 1.571319 1.974105 1.513267 2.071416 1.476033 1.010557 1.822428 0.891892 2.129032 2.166667 1.924305 0.000000 0.000000 	2.977575
 1.755275 1.323550 1.641358 1.517913 1.572003 1.914472 1.511464 2.329030 0.804400 0.726319 0.956186 1.756755 1.021239 2.194287 1.051484 2.267259 1.973122 2.361592 1.676278 2.458764 1.214891 2.404412 1.207709 2.369795 1.120286 2.297438 2.497297 2.419355 2.366667 2.893704 0.000000 1.200000 	4.324722
 0.396036 1.045742 0.526657 1.506878 0.848014 2.056152 0.975436 2.582883 0.738431 1.145520 0.825298 2.375587 0.845281 2.823143 0.843587 2.850625 1.459872 2.141109 0.912132 2.525673 0.408489 2.593402 0.442589 2.623868 0.891419 2.317795 1.410811 2.322581 1.533333 1.961244 0.000000 1.500000 	3.961363
 0.559003 1.165851 0.764682 1.341939 1.112400 1.671389 1.023339 2.026758 0.933626 1.123779 1.051419 2.237102 1.070726 2.528909 1.057513 2.463189 1.511518 1.902920 0.849166 2.114040 0.256000 2.078774 0.344540 2.053755 1.253792 0.544337 0.552572 0.564127 0.253422 0.430667 0.000000 0.002935 	2.539727
 1.530498 1.506270 1.286066 1.797131 0.982413 2.233487 0.833064 2.669080 1.236550 1.005115 1.032300 2.280967 0.890480 2.739623 0.795732 2.763211 1.650618 2.495322 0.899736 2.669747 0.161362 2.633510 0.161146 2.608256 1.078961 0.447617 0.219067 0.294009 0.131258 0.264819 0.000000 0.187912 	2.444946
 1.469226 1.315037 1.499122 1.596713 1.343206 1.989303 1.258029 2.372060 1.379897 0.865747 1.287938 1.989630 1.200695 2.386345 1.134805 2.402214 1.875350 2.488129 1.361667 2.517099 0.760251 2.424690 0.740363 2.366650 0.981454 0.697300 0.227027 0.458824 0.517647 0.325942 0.000000 0.105882 	1.991270
 1.650436 1.021774 1.409545 1.256068 1.121932 1.580204 1.031173 1.911463 2.212567 1.164083 2.061699 2.260024 1.844922 2.549014 1.677007 2.474824 1.486266 2.514265 0.844055 2.479955 0.290844 2.316552 0.410123 2.216067 1.233379 0.561292 0.308108 0.483871 0.066667 0.274618 0.000000 0.750000 	2.420933
 1.686258 0.401971 1.619032 0.830531 1.455843 1.250807 1.349695 1.631953 0.902499 0.664707 1.016425 1.370659 1.057540 1.668790 1.072231 1.736570 0.014027 2.046804 0.032646 2.227593 0.038683 2.140875 0.511616 2.071271 1.556967 0.367118 0.324324 0.290323 0.000000 0.574211 3.000000 0.000000 	3.622900
 1.932855 0.603989 1.742334 0.982823 1.533569 1.441524 1.377694 1.867090 0.772191 0.527649 0.898338 1.479901 0.949558 1.928014 0.971916 2.022204 2.555840 2.191546 2.135428 2.488171 1.490689 2.429696 1.322504 2.370321 1.437232 0.279818 0.120348 0.091568 0.096596 0.242630 3.000000 0.000001 	2.539244
 2.587521 1.701536 2.013235 1.548438 1.653920 1.448423 1.506410 1.463216 0.921352 0.369819 1.095062 0.827810 1.170617 1.149167 1.206438 1.266478 2.536513 2.082592 2.383490 2.164639 1.875719 2.013942 1.705671 1.902596 1.477488 0.031569 0.238095 0.116743 0.034392 0.272367 3.000000 0.571429 	2.574517
 1.696458 0.904484 1.665639 1.093958 1.591579 1.400661 1.463155 1.738859 0.835059 0.432718 1.003292 1.183241 1.077690 1.586022 1.113631 1.695666 2.052207 2.003979 1.788556 2.202637 1.384359 2.128051 1.359709 2.068592 1.373439 0.241209 0.054009 0.226815 0.055015 0.336008 3.000000 0.023438 	3.205629
 0.650976 1.212360 0.885419 1.365907 1.331407 1.574534 1.730894 1.795263 2.184827 0.846451 2.227954 1.728307 2.196958 1.947523 2.155772 1.885150 2.396424 1.997683 2.629459 2.004562 2.551977 1.867318 2.423835 1.774078 1.297692 0.582448 0.567568 0.483871 0.333333 0.427949 0.000000 0.000000 	3.283440
 0.000000 0.909568 0.000000 0.886364 0.213606 0.949495 0.540498 1.046145 2.316247 0.686108 2.402748 1.319294 2.371883 1.454636 2.323775 1.390325 2.128366 1.225503 1.979245 1.153225 1.737725 1.082667 1.806728 1.046192 0.993473 1.110308 2.270270 1.354839 1.000000 0.937176 0.000000 0.750000 	3.783009
 0.710149 1.505912 0.927152 1.501066 1.317104 1.642682 1.670549 1.849062 1.516279 0.534378 1.757963 1.231140 1.848254 1.488855 1.881955 1.514445 1.856424 1.392036 1.753737 1.510870 1.510966 1.489403 1.608282 1.471801 1.291822 1.145615 0.743103 1.371208 0.956855 1.305882 0.000000 0.363996 	2.155931
 0.689684 1.573254 0.907815 1.563112 1.298020 1.707306 1.648776 1.917049 1.268360 0.539080 1.496776 1.268432 1.592162 1.562301 1.634927 1.608059 2.077371 1.580385 1.895717 1.728364 1.595200 1.696320 1.645961 1.670210 1.314008 1.674772 0.709994 1.884401 1.677419 1.822779 0.000000 0.565249 	2.327304
 0.678804 1.618637 0.893922 1.658518 1.271724 1.876967 1.548527 2.206349 0.981512 0.607946 1.158541 1.507571 1.231193 1.913478 1.263097 1.997653 1.638809 2.099472 1.333396 2.327141 0.960738 2.261590 1.067420 2.211112 1.483245 1.193646 1.216216 1.451613 0.666667 1.548465 0.000000 0.000000 	2.808922
 0.767526 0.889970 0.917914 1.223683 1.222237 1.628696 1.373366 2.019801 0.933443 0.767912 1.061969 1.751764 1.108513 2.119358 1.125342 2.153326 0.007957 2.080311 0.018997 2.348382 0.024057 2.298770 0.507390 2.250893 1.329675 0.485332 0.374517 0.299539 0.000000 0.477260 0.000000 0.000000 	3.592653
 0.924255 1.059071 0.403120 1.294811 0.133269 1.623852 0.122899 1.963255 0.974358 1.180194 1.137340 2.302167 1.189121 2.582945 1.199535 2.510684 1.436191 1.913213 0.785319 2.162607 0.243270 2.142597 0.381961 2.117635 1.262841 0.492864 0.259459 0.483871 0.166667 0.449975 0.000000 1.050000 	2.730972
 1.281728 1.866784 1.220096 1.838337 1.268486 1.930958 1.248014 2.164571 1.303520 1.184182 1.424141 2.312857 1.448866 2.583503 1.438963 2.492890 1.387017 1.813014 0.702689 1.982734 0.138809 1.923035 0.281611 1.892017 0.825319 1.218998 0.697297 1.161290 0.666667 0.798795 0.000000 1.500000 	2.731431
 2.408662 2.354311 1.911627 2.446747 1.538355 2.617360 1.340743 2.831299 0.963903 1.183393 1.071252 2.354599 1.076556 2.667305 1.048539 2.600258 1.475864 1.927062 0.764886 2.124561 0.131493 2.095664 0.216308 2.080969 1.136524 0.608971 0.162162 0.543779 0.460317 0.312269 0.000000 0.000000 	2.726650
 1.742604 1.390002 1.657913 1.534448 1.351143 1.768631 1.216259 2.021091 2.370999 1.108273 2.097376 2.225258 1.824456 2.513408 1.638198 2.438050 1.551191 1.425192 0.905368 1.677200 0.329435 1.719416 0.424270 1.741315 0.801543 0.749735 0.250965 0.502304 0.444444 0.215307 0.000000 0.000000 	2.140354
 1.863751 2.123114 1.782352 2.070536 1.730449 2.143116 1.666738 2.316579 1.178022 0.827917 1.314516 1.755581 1.354038 2.027874 1.360081 1.998168 1.748609 1.599750 1.314880 1.764799 0.803055 1.735457 0.845327 1.713308 1.407972 0.317881 0.340541 0.464516 0.300000 0.326883 3.000000 0.450000 	3.228907
 0.695950 1.206562 0.853767 1.259505 1.192919 1.540997 1.335709 1.904145 0.800859 0.499698 0.945022 1.403593 1.004977 1.833489 1.031828 1.930096 2.258554 2.225328 1.981649 2.470585 1.492413 2.393214 1.357462 2.324714 1.451376 0.320510 0.334887 0.313471 0.239476 0.354926 3.000000 0.000286 	2.383578
 2.369488 1.398702 2.255244 1.467850 2.016266 1.620204 1.932083 1.798330 1.340290 0.529508 1.534208 1.169539 1.599919 1.414101 1.620523 1.465292 2.487509 1.727107 2.157477 1.820933 1.724263 1.760293 1.666199 1.709259 1.318875 0.236474 0.162162 0.193548 0.000000 0.215940 3.000000 0.000000 	2.753110
 1.028489 1.395675 1.102218 1.420889 1.325229 1.598659 1.526237 1.817766 0.976266 0.436820 1.149705 1.019662 1.222796 1.259030 1.256171 1.319686 2.155017 1.831021 1.955139 1.940947 1.556438 1.827476 1.499806 1.743303 1.183127 0.376403 0.479533 0.462049 0.469620 0.285732 0.769497 0.056013 	2.517829
 0.666951 1.463670 0.882599 1.363150 1.273782 1.376379 1.631861 1.496392 1.607553 0.483410 1.865965 1.048932 1.967443 1.223531 2.009271 1.230924 2.173622 1.307333 2.083347 1.383016 1.865815 1.328184 1.921507 1.288313 1.412621 0.429555 0.486486 0.686636 0.206349 0.802032 0.000000 0.000000 	2.681833
 0.651136 1.211002 0.866322 1.144231 1.271039 1.238612 1.646486 1.358415 1.623438 0.325753 1.849660 0.794510 1.931231 0.962337 1.960856 0.972949 2.107678 1.427926 2.089684 1.336867 1.959562 1.186567 2.054331 1.095736 0.608673 1.107535 0.583784 1.161290 1.333333 0.736359 0.000000 0.000000 	2.853231
 0.687200 1.653201 0.907490 1.601000 1.303781 1.673120 1.600940 1.809617 0.983762 0.530890 1.174394 1.199481 1.257293 1.433060 1.296564 1.452709 1.952921 1.962740 1.796901 2.064100 1.527226 1.923910 1.563574 1.822050 1.283860 0.680436 0.804464 0.861384 0.500000 0.723557 0.000000 0.535049 	2.330467
 0.545274 1.630026 0.758561 1.574295 1.164667 1.921202 1.447663 2.260184 0.809740 0.473135 0.944784 1.267480 1.000181 1.686457 1.024593 1.795431 2.072646 1.866243 1.620644 2.102463 1.060420 2.072601 1.025196 2.042721 1.091823 0.998834 0.457240 1.252956 0.827468 0.962116 0.000000 0.376100 	2.202914
 0.758448 1.919270 0.964511 1.769320 1.301538 1.721363 1.494081 1.781526 1.002796 0.536935 1.168723 1.148772 1.235626 1.342684 1.264450 1.383842 2.119394 1.785927 1.949024 1.896538 1.538967 1.796914 1.462957 1.723195 1.192724 0.295654 0.363604 0.446665 0.170264 0.261879 0.000000 0.000000 	2.618639
 0.679848 1.615408 0.899138 1.578120 1.290433 1.676205 1.576653 1.863184 1.056570 0.581528 1.231920 1.294246 1.300883 1.572294 1.329458 1.614353 1.946418 1.629032 1.636920 1.765611 1.219770 1.724628 1.254646 1.693842 1.837345 0.658286 0.716652 0.777315 0.322581 0.878076 0.000000 0.750000 	2.479930
 0.528943 1.365114 0.743066 1.684067 1.087832 2.058152 1.099097 2.425346 0.976575 0.931791 0.998027 1.980973 0.967824 2.349518 0.930024 2.360291 1.716739 1.876446 1.132314 2.185174 0.484705 2.197967 0.484601 2.192316 1.225494 0.386385 0.178378 0.251613 0.000000 0.199846 0.000000 0.000000 	2.070070
 0.589450 1.229518 0.632036 1.710899 0.742490 2.195010 0.841419 2.639618 0.548949 0.585478 0.572563 1.664240 0.570527 2.164093 0.562959 2.273546 1.983645 2.044919 1.242804 2.432224 0.480586 2.454770 0.414675 2.448495 1.468930 0.466806 0.157135 0.392526 0.381602 0.370942 0.000000 0.000000 	2.127162
 1.610412 1.586297 1.570149 1.713933 1.347731 1.982234 1.234403 2.285598 1.631451 0.941861 1.487169 1.991684 1.349369 2.317510 1.249975 2.293276 1.693574 1.680514 1.114857 1.918777 0.511643 1.929096 0.542633 1.927746 1.026929 0.480003 0.094885 0.315132 0.249837 0.150554 0.000000 0.000000 	2.169909
 1.723329 0.768252 1.594922 1.148555 1.243996 1.590642 1.079988 2.005277 1.219886 1.169525 1.349966 2.323004 1.338734 2.630249 1.285607 2.564437 1.431089 1.759138 0.744382 2.003774 0.153334 2.009437 0.267351 2.011507 0.961461 0.696084 0.355891 0.583805 0.315104 0.392755 0.000000 0.000000 	2.040039
 1.298542 0.900105 1.210296 1.042076 1.284621 1.326240 1.460499 1.628109 0.989100 0.955151 1.170738 1.829858 1.246078 2.047265 1.279530 1.987473 2.755252 1.998446 2.430503 2.142253 1.896177 2.033195 1.727923 1.953285 1.488370 0.227412 0.486486 0.096774 0.000000 0.279724 3.000000 0.000000 	2.252619
 1.337206 0.426940 1.134075 0.879601 1.036743 1.361732 1.048981 1.808444 0.731350 0.576882 0.875015 1.539980 0.936411 1.990823 0.964740 2.090518 1.973861 2.327557 1.849182 2.575014 1.350340 2.508532 1.262138 2.448982 1.520722 0.106376 0.080208 0.098465 0.089381 0.293750 3.000000 0.000000 	2.146677
 0.494272 0.738129 0.699001 1.012461 1.098231 1.417995 1.334486 1.794156 0.718952 0.200765 0.859396 0.980575 0.921516 1.462740 0.951535 1.612374 2.498775 1.939503 1.935177 2.189836 1.305217 2.134565 1.186881 2.080897 2.215361 0.139374 0.692701 0.221742 0.086614 0.575458 3.000000 0.000000 	2.133405
 0.532000 0.877144 0.749345 0.964325 1.170670 1.262469 1.468610 1.560677 0.945426 0.242189 1.116466 0.832294 1.188339 1.199480 1.221269 1.315361 2.362561 1.874394 2.090772 1.996579 1.577283 1.883626 1.477949 1.799556 1.386642 0.266918 0.465874 0.338665 0.315600 0.303903 2.047494 0.037574 	2.216387
 0.534571 1.077722 0.747849 1.086968 1.164043 1.298489 1.480306 1.562605 0.984071 0.399201 1.159029 0.948541 1.232713 1.198485 1.266346 1.276765 2.090818 1.799430 1.910500 1.906951 1.548065 1.796356 1.505590 1.714608 1.121557 0.426631 0.585940 0.493861 0.481392 0.310724 0.000000 0.000000 	2.355329
 0.684446 1.356589 0.899125 1.329401 1.275965 1.442153 1.589844 1.629986 1.096423 0.506881 1.275680 1.159489 1.346109 1.417907 1.375348 1.464698 1.807265 1.556440 1.646145 1.683686 1.341732 1.640379 1.352751 1.605911 1.528577 0.542690 0.553259 0.584061 0.123529 0.771564 0.000000 1.985294 	2.589195
 0.634183 1.578953 0.842206 1.340928 1.207059 1.653753 1.360560 2.053390 0.796038 0.431700 0.947688 1.308904 1.013668 1.799173 1.044969 1.936441 2.187168 2.035654 1.915962 2.348848 1.344549 2.326861 1.250049 2.294369 2.527128 0.738077 2.643243 1.238710 0.300000 1.790688 0.000000 0.750000 	3.455156
 0.637451 1.557059 0.848685 1.512015 1.229095 1.685293 1.495848 1.938655 0.955317 0.462192 1.109553 1.123338 1.170887 1.440468 1.196808 1.516995 2.185064 1.801389 1.855152 1.955148 1.364841 1.878598 1.308596 1.819110 1.381858 0.503284 2.166023 0.995392 0.087302 0.971964 0.000000 0.392857 	2.377189
 1.757406 1.773547 1.705779 1.750596 1.658998 1.944561 1.528597 2.266757 0.713693 0.569101 0.843362 1.419249 0.897516 1.835339 0.921934 1.937438 2.103161 2.569415 1.771377 2.518946 1.209131 2.405499 1.120583 2.332174 2.035385 0.848891 1.021622 0.967742 0.800000 2.252040 0.000000 1.950000 	3.428451
 0.934222 1.647440 1.032542 1.632782 1.279253 1.820045 1.475028 2.104887 0.906988 0.668963 1.059625 1.505870 1.121134 1.836183 1.147701 1.880747 1.828978 2.031410 1.589167 2.237206 1.223269 2.160371 1.273715 2.098546 1.448803 0.735706 0.446471 0.753232 0.349288 0.778657 0.000000 0.000000 	1.741613
 0.540932 1.257272 0.739071 1.464198 1.116095 1.808710 1.191750 2.193911 0.663243 0.662094 0.741964 1.590559 0.765136 1.992494 0.770189 2.069957 1.968156 2.053173 1.468461 2.346405 0.828058 2.318985 0.756953 2.284046 1.317071 0.583373 0.462159 0.679558 0.234338 0.600375 0.000000 0.000000 	1.601998
 0.593204 1.524159 0.628436 1.918381 0.754285 2.370896 0.864365 2.814945 0.528459 0.592782 0.543204 1.706411 0.537424 2.223309 0.528126 2.337204 1.914277 1.985150 1.142433 2.409527 0.373645 2.456105 0.323010 2.464420 1.233549 0.882471 0.236859 0.768860 0.944882 0.556022 0.000000 0.141732 	1.977725
 1.378841 1.806540 1.209390 1.879282 1.026223 2.212081 0.912127 2.608341 0.728617 0.812151 0.706635 1.926361 0.670386 2.374083 0.638782 2.433257 1.732879 1.946247 1.008963 2.314635 0.269974 2.356750 0.252695 2.366764 1.128225 0.560808 0.255937 0.472129 0.317025 0.403476 0.000000 0.000000 	2.073261
 1.836549 0.738004 1.496331 0.929750 1.156305 1.376353 1.014994 1.796761 0.818974 0.983405 0.938020 1.902847 0.967792 2.207544 0.967860 2.209934 1.648531 2.087907 1.156401 2.333304 0.603049 2.276341 0.638574 2.228540 1.464190 0.422299 0.243243 0.193548 0.000000 0.363079 0.000000 0.750000 	2.313712
 0.860367 2.032107 1.007227 1.943463 1.297877 1.976083 1.339034 2.224406 0.883961 0.785262 0.997363 1.811152 1.037778 2.191957 1.052162 2.225035 2.289304 2.230532 2.103846 2.519968 1.496658 2.460217 1.338072 2.400792 1.599255 0.316123 0.291892 0.212903 0.100000 0.219016 3.000000 0.450000 	2.120049
 0.563168 0.944179 0.765003 1.223421 1.125552 1.636373 1.161090 2.040415 0.596012 0.453364 0.690381 1.344686 0.727595 1.812322 0.743181 1.935201 2.113335 2.098291 1.644507 2.399523 0.975286 2.357910 0.871403 2.311844 1.537099 0.272779 0.619594 0.374605 0.067073 0.471632 3.000000 0.017717 	1.605037
 0.534193 0.747172 0.742755 1.127154 1.123484 1.652424 1.103482 2.134031 0.541215 0.540496 0.634818 1.590277 0.672743 2.100694 0.689200 2.223199 2.221888 2.090796 1.597848 2.493018 0.894094 2.505272 0.789926 2.489616 1.382489 0.196452 0.115421 0.240228 0.123529 0.246902 3.000000 0.000000 	1.934312
 0.020660 0.552671 0.040785 0.780726 0.286802 1.086485 0.641344 1.372978 0.972632 0.571360 1.153633 1.049030 1.231292 1.207443 1.267536 1.265201 2.152110 1.858636 2.029646 1.966352 1.681083 1.842945 1.599249 1.751163 1.392702 0.315875 0.567568 0.387097 0.333333 0.233747 3.000000 0.750000 	2.585894
 0.606791 1.266034 0.824803 1.302042 1.232030 1.487926 1.537550 1.708837 1.080357 0.373299 1.251385 1.006764 1.316849 1.324725 1.343257 1.403640 2.154368 1.628647 1.859726 1.761550 1.391487 1.698046 1.360281 1.649020 1.489715 0.448522 0.428210 0.489428 0.320221 0.500805 1.122092 0.364795 	1.989636
 0.810708 2.052822 1.053483 1.952380 1.490213 1.999622 1.569086 2.130353 1.933253 1.173016 2.027234 2.012082 2.002656 2.125867 1.958338 1.989453 1.193285 1.000883 0.925844 0.971183 0.692355 1.013184 0.943965 1.060662 0.913706 0.409299 0.324324 0.774194 0.166667 0.275381 0.000000 0.750000 	3.704512
 0.660676 1.736667 0.862151 1.656750 1.214564 1.703777 1.404863 1.962169 0.810807 0.479034 0.961458 1.112040 1.025653 1.498423 1.055465 1.617286 2.032320 2.354091 1.853897 2.296228 1.394980 2.175019 1.300838 2.093443 1.692078 0.425956 0.475633 0.494539 0.350394 1.224804 0.000000 0.944882 	2.317065
 0.791357 1.543499 1.003741 1.584591 1.357963 1.713145 1.652628 1.876025 1.444529 0.518568 1.659746 1.177489 1.734972 1.404712 1.759870 1.416396 1.548911 1.372465 1.419270 1.398750 1.187794 1.351207 1.342541 1.324940 1.141876 0.420900 0.049950 0.572848 0.163696 0.408239 0.000000 0.468421 	2.773971
 0.834005 1.169450 0.820538 1.494691 0.982051 1.860379 1.232817 2.211412 1.433309 0.857896 1.437019 1.870469 1.398169 2.212975 1.358089 2.214283 2.098521 1.975661 1.713776 2.236051 1.189288 2.195717 1.145602 2.154087 1.217031 0.382922 0.145946 0.135484 0.166667 0.154349 0.000000 0.000000 	2.457741
 0.925145 1.929586 1.096118 1.808807 1.438344 1.812360 1.409353 2.106436 0.848764 0.758924 0.955590 1.774753 0.993098 2.167409 1.006066 2.212914 2.229271 2.269759 1.997514 2.556679 1.408383 2.495645 1.265188 2.435693 1.669644 0.473582 0.407583 0.345485 0.145912 0.402218 0.000000 0.656239 	2.038028
 0.559461 1.789157 0.692706 1.772198 0.992088 1.823274 1.088462 2.038382 0.813658 0.850237 0.959318 1.766289 1.017098 2.097197 1.040856 2.133312 2.063107 2.709154 1.856112 2.648426 1.386226 2.514428 1.331702 2.433159 1.613737 0.512897 0.518919 0.658064 0.166667 0.550475 0.000000 0.750000 	1.950283
 0.793643 1.838362 0.960133 1.828307 1.198700 1.935536 1.094159 2.188559 0.649634 0.920848 0.733008 1.759454 0.757624 2.087111 0.762751 2.134588 1.753946 2.350930 1.343839 2.440498 0.752483 2.384032 0.714488 2.337859 1.427695 0.429134 0.343629 0.442396 0.253968 0.370681 0.000000 1.357143 	2.128134
 1.752041 1.593458 1.811636 1.774426 1.420783 2.118685 1.180090 2.525405 0.363167 0.461755 0.455326 1.426104 0.499648 1.998904 0.522951 2.169053 2.158097 2.276828 1.591435 2.675932 0.855939 2.664655 0.728619 2.632967 1.903658 0.707935 0.356757 0.658064 0.800000 0.686502 0.000000 0.750000 	2.366814
 1.667052 1.134354 1.655575 1.293488 1.568864 1.666948 1.451457 2.046265 0.683965 0.550349 0.803931 1.357121 0.853133 1.745539 0.874814 1.839081 2.099840 2.497282 1.703593 2.393851 1.107791 2.277839 1.023029 2.205321 1.052295 1.015911 1.046445 1.117586 1.225806 1.445662 0.000000 0.750000 	2.623662
 0.636801 1.016955 0.852569 1.222360 1.195652 1.535028 1.276824 1.852638 1.588268 0.973148 1.610304 1.921888 1.557951 2.197258 1.502592 2.158795 1.990676 1.863655 1.612775 2.077912 1.114662 2.027398 1.104766 1.982293 1.401507 0.334754 0.243243 0.193548 0.000000 0.256652 3.000000 0.000000 	2.090560
 0.673096 1.368359 0.888779 1.468013 1.147308 1.742661 1.096769 2.083658 0.869693 0.843272 0.968661 1.821009 0.997263 2.181070 1.001895 2.207932 1.798646 1.926750 1.315825 2.235480 0.762604 2.226049 0.777795 2.204325 1.580796 0.349826 0.687259 0.391705 0.119048 0.512215 3.000000 0.000000 	1.656678
 0.528111 0.960296 0.736605 1.266623 1.139755 1.618708 1.400498 1.955075 0.796095 0.305175 0.939484 1.056577 1.000275 1.486746 1.028239 1.611950 2.272819 1.908359 1.805206 2.098620 1.233145 2.037507 1.158995 1.986337 1.396660 0.263861 0.165168 0.401799 0.210160 0.373002 3.000000 0.000000 	1.422890
 0.524857 0.745521 0.737554 1.026335 1.154022 1.344814 1.329763 1.640200 0.868131 0.231314 1.036048 0.858011 1.108007 1.242552 1.141846 1.361643 2.520446 1.977631 2.112238 2.095321 1.555847 1.973684 1.437178 1.883338 1.530874 0.121091 0.499100 0.234534 0.079857 0.318194 3.000000 0.006592 	1.922179
 0.762434 1.368418 0.946705 1.460701 1.288329 1.629935 1.540049 1.827802 1.311271 0.478021 1.487155 1.174845 1.544277 1.460180 1.561013 1.501488 1.956115 1.657502 1.717463 1.731748 1.359985 1.657503 1.404594 1.606584 1.215798 0.371288 0.161413 0.475846 0.207046 0.366426 1.413156 0.346510 	2.090685
 0.554544 1.251475 0.753280 1.422554 1.137236 1.675631 1.425350 1.955796 0.914414 0.605649 1.065356 1.392566 1.125753 1.692801 1.151368 1.730631 2.028894 1.826370 1.707544 2.015567 1.241716 1.955629 1.215133 1.905889 1.313744 0.516873 0.520120 0.522315 0.240726 0.486061 0.000000 0.016321 	2.332806
 0.826447 2.579362 1.049240 2.457564 1.401209 2.350284 1.603807 2.293666 0.978966 0.597862 1.160061 1.304529 1.236706 1.540290 1.271811 1.554866 1.847618 1.929240 1.713455 2.035614 1.360702 1.905577 1.388531 1.811898 1.314854 0.751885 0.891892 0.851613 0.400000 0.619418 0.000000 0.300000 	2.586510
 0.553872 1.098681 0.773248 1.402638 1.194177 1.749511 1.495021 2.080406 0.834812 0.404335 0.981561 1.132781 1.043543 1.539709 1.071932 1.652101 1.750633 1.779327 1.522377 1.974876 1.096611 1.935470 1.096607 1.901589 1.198325 0.378671 0.177606 0.502304 0.269841 0.476183 0.000000 0.964286 	2.116314
 0.689964 1.404360 0.909037 1.351207 1.305455 1.416279 1.645260 1.558161 1.239064 0.482172 1.456546 1.068653 1.545290 1.273761 1.583983 1.297266 2.100382 1.506456 1.929827 1.579504 1.620779 1.509402 1.630091 1.461096 1.474247 0.400419 0.323145 0.460563 0.250794 0.537085 0.000000 0.187513 	2.599253
 0.710495 1.470636 0.932721 1.489422 1.325287 1.711973 1.525182 2.006244 0.879475 1.117701 1.024999 1.857179 1.080321 1.955476 1.101983 1.891681 1.953022 2.875588 1.469866 2.408396 0.948541 2.159247 0.963340 2.051470 1.528978 0.456046 0.668680 0.812903 0.166667 0.583209 0.000000 1.429412 	2.618594
 1.466952 2.657215 1.492114 2.578807 1.362031 2.524408 1.309498 2.519452 1.458055 0.953057 1.400393 1.954008 1.330779 2.325827 1.274285 2.336055 1.423319 2.506001 1.111596 2.545242 0.855748 2.426781 0.965359 2.351876 0.778615 1.056583 0.324324 0.774194 0.833333 0.492152 0.000000 1.500000 	2.696188
 1.376018 1.770628 1.211339 1.738240 1.153161 1.943823 1.180529 2.189276 1.130901 0.561255 1.180116 1.406424 1.175671 1.740371 1.159738 1.782128 1.831404 1.324023 1.272491 1.594572 0.709966 1.634003 0.743244 1.647834 0.765999 0.422083 0.178378 0.406452 0.366667 0.131373 0.000000 0.300000 	2.521852
 2.145024 0.465917 1.694237 0.937033 1.342942 1.418256 1.164329 1.856044 0.661285 0.475395 0.751704 1.366076 0.785088 1.829285 0.797758 1.948110 1.869362 1.905145 1.367102 2.175085 0.737096 2.178815 0.705156 2.165596 1.329835 0.355359 0.000000 0.309677 0.333333 0.611421 0.000000 0.000000 	2.316269
 1.815593 1.251088 1.584820 1.518501 1.333232 1.862900 1.203375 2.209464 0.980377 0.734536 1.037152 1.729575 1.016699 2.100354 0.985801 2.132648 1.842263 1.924387 1.262886 2.158323 0.636281 2.129200 0.627291 2.101961 1.207789 0.434579 0.072830 0.215138 0.233203 0.197248 0.000000 0.000000 	2.234550
 0.718416 1.749719 0.934720 1.608933 1.334148 1.891120 1.525325 2.215801 0.865511 0.502338 1.012531 1.297352 1.072757 1.683656 1.099168 1.773599 2.150323 1.912314 1.742333 2.131403 1.216219 2.082315 1.172966 2.038369 1.451851 0.298023 0.080368 0.563559 0.062759 0.492881 3.000000 0.000000 	1.412378
 0.746379 1.432168 0.972779 1.393101 1.278528 1.476062 1.113913 1.741660 0.572187 0.471077 0.705847 1.077731 0.768458 1.494730 0.800583 1.640034 1.899956 2.172235 1.773198 2.414436 1.297395 2.321735 1.204659 2.241450 1.659573 0.232860 0.794595 0.387097 0.066667 0.546132 3.000000 0.750000 	1.604750
 0.632672 1.113508 0.845738 1.111347 1.198552 1.283299 1.214606 1.552572 0.692640 0.355187 0.840656 0.998010 0.907981 1.375715 0.941510 1.505495 1.720830 1.908391 1.596679 2.110076 1.134672 2.033394 1.099761 1.969890 1.712138 0.233799 0.227027 0.309677 0.066667 0.508122 3.000000 0.000000 	1.326952
 0.569357 1.179767 0.781867 1.367000 1.183913 1.683202 1.453828 1.999554 0.880344 0.485267 1.008776 1.188698 1.057734 1.537380 1.077148 1.622702 2.090694 1.976956 1.685999 2.066089 1.144898 1.982165 1.101434 1.921168 1.491436 0.314102 0.575290 0.483871 0.214286 0.531353 3.000000 0.750000 	1.650958
 0.694596 1.330451 0.918643 1.263633 1.278600 1.295678 1.392304 1.392182 1.919191 0.674815 2.101412 1.506891 2.133681 1.754186 2.124655 1.729903 2.139874 2.393820 2.035351 2.240367 1.831216 2.017415 1.908512 1.880964 1.355907 0.237985 0.243243 0.193548 0.000000 0.202453 3.000000 0.750000 	2.902357
 1.161745 1.186437 1.290164 1.305753 1.435029 1.505347 1.531454 1.728625 1.267228 0.543964 1.440548 1.254500 1.496906 1.534463 1.513405 1.568295 1.735027 1.752348 1.550310 1.831788 1.234789 1.745403 1.315670 1.686701 1.272517 0.341112 0.150031 0.442771 0.219379 0.412906 1.618103 0.342749 	2.195702
 0.728132 1.912595 0.955659 1.958498 1.357135 2.083906 1.656247 2.256059 1.449376 0.569126 1.551510 1.322515 1.562367 1.580888 1.550025 1.587986 1.975848 1.179994 1.602246 1.389463 1.159552 1.406393 1.192016 1.406432 0.996145 0.620717 0.262548 0.594470 0.428571 0.266493 0.000000 0.392857 	3.157045
 1.337596 0.665567 1.359395 0.947601 1.386811 1.286177 1.408454 1.621552 0.918099 0.385060 1.055901 1.122313 1.110072 1.500201 1.132520 1.597061 2.385747 1.998074 1.988146 2.169456 1.455246 2.077475 1.359186 2.004190 1.573293 0.270877 0.395575 0.307920 0.062567 0.443773 2.032023 0.000000 	2.301915
 1.234043 0.919825 1.290311 1.185991 1.316227 1.511279 1.360824 1.828200 0.878118 0.429694 1.009128 1.188589 1.060136 1.580496 1.081188 1.667257 2.293475 1.906333 1.891793 2.106287 1.321034 2.038752 1.230061 1.981181 1.393726 0.319879 0.304084 0.298788 0.210337 0.330883 1.466827 0.009883 	2.277933
 2.039866 2.456039 1.903305 2.408351 1.838828 2.419626 1.688552 2.517382 1.932308 1.002734 2.067542 2.048105 1.857808 2.316786 1.680662 2.246175 1.551726 1.702589 0.993455 1.847817 0.458593 1.778670 0.552396 1.729181 1.172929 0.789201 0.567568 0.541935 0.700000 0.368274 0.000000 0.450000 	3.612062
 1.765240 2.237714 1.749009 2.450500 1.730185 2.638055 1.721896 2.821078 1.189299 0.612501 1.234213 1.488644 1.231867 1.812882 1.218536 1.837909 1.860890 1.479327 1.347225 1.734007 0.809904 1.738831 0.840490 1.731225 1.115805 0.678143 0.122099 0.580645 0.717647 0.211425 0.000000 0.750000 	2.417402
 1.657914 1.484666 1.640130 1.670049 1.651818 2.047139 1.589621 2.416633 0.716221 0.529208 0.839220 1.404368 0.890133 1.829144 0.912803 1.930015 1.568141 1.880447 1.176072 2.121036 0.668002 2.098580 0.724328 2.077873 0.839151 1.155844 0.668680 1.197723 1.343137 0.886621 0.000000 0.000000 	2.728761
 1.771739 0.959626 1.697037 1.124224 1.592215 1.375272 1.535974 1.646927 1.051600 0.477095 1.192063 1.156132 1.242003 1.445579 1.259736 1.498831 2.020747 1.711291 1.702816 1.856056 1.260428 1.778506 1.251573 1.718946 1.122948 0.342972 0.288530 0.293117 0.370443 0.188651 0.000000 0.094484 	1.924690
 1.732961 0.452835 1.575964 0.674293 1.479426 0.956169 1.448273 1.237744 1.250534 0.455942 1.387672 1.111899 1.427035 1.375654 1.435008 1.412961 2.126343 1.699515 1.904358 1.785181 1.474767 1.683111 1.439388 1.610976 1.173639 0.146880 0.096343 0.121822 0.039216 0.092021 0.000000 0.000000 	1.954818
 0.612577 1.785739 0.828228 1.721985 1.225940 1.801090 1.496653 1.950440 0.859550 0.479604 1.022157 1.100203 1.092188 1.405670 1.124951 1.496742 1.619264 1.944124 1.494114 2.106773 1.160904 2.006016 1.205070 1.928459 1.447151 0.278422 0.309663 0.371946 0.208336 0.410268 3.000000 0.000000 	1.862638
 0.675112 1.775560 0.852657 1.616093 1.171645 1.653950 1.350432 1.892359 0.853217 0.486881 0.996679 1.156308 1.055556 1.514305 1.081542 1.612016 2.017943 1.944951 1.742720 2.121118 1.260003 2.042026 1.211193 1.978971 1.538835 0.223143 0.536565 0.382182 0.028080 0.470347 3.000000 0.750000 	1.466337
 0.555102 1.180739 0.766369 1.329983 1.182176 1.608527 1.495095 1.902127 0.907894 0.474738 1.050160 1.112953 1.106527 1.434790 1.130217 1.523480 2.108226 1.865040 1.807472 2.004449 1.297654 1.924522 1.236956 1.862839 1.535233 0.334967 0.742372 0.457724 0.251539 0.441919 3.000000 0.000000 	1.272521
 0.692424 1.347942 0.906323 1.276628 1.273248 1.332860 1.538105 1.532150 1.017542 0.486021 1.197912 1.109954 1.272437 1.375468 1.305552 1.437881 1.751282 1.558260 1.625627 1.678092 1.279950 1.638246 1.282058 1.607638 1.548072 0.315925 0.220395 0.376491 0.000000 0.544017 3.000000 0.559198 	1.647533
 1.577722 0.354295 1.681915 0.636015 1.670402 0.998738 1.542870 1.332804 0.898222 0.258795 1.078104 0.762522 1.157903 1.173870 1.196630 1.315546 1.955265 2.020946 2.042721 2.154655 1.655092 2.024382 1.568062 1.926013 1.442482 0.059089 0.270829 0.205740 0.010519 0.336420 3.000000 0.000000 	2.183913
 1.626190 0.592935 1.593547 0.792443 1.375644 1.123362 1.208903 1.459739 0.687827 0.371016 0.835090 0.909038 0.902287 1.314359 0.935871 1.464489 1.620002 1.899699 1.529523 2.091758 1.097644 2.011009 1.078650 1.945906 1.496760 0.202017 0.018071 0.198089 0.166667 0.409085 3.000000 0.750000 	2.398415
 1.511402 0.534832 1.576362 0.772727 1.554914 1.103320 1.578497 1.423874 1.147586 0.501599 1.330592 1.255407 1.400916 1.550537 1.429228 1.590314 2.072830 2.008193 1.958102 2.132465 1.610792 2.011899 1.587585 1.922049 1.343449 0.229095 0.243243 0.242077 0.000000 0.297453 3.000000 0.000000 	1.850350
 1.697724 0.317609 1.639798 0.728046 1.481668 1.130880 1.377986 1.495922 0.912780 0.298585 1.043367 1.027750 1.094426 1.443610 1.115415 1.560331 2.627599 2.045050 2.143605 2.212495 1.547753 2.113682 1.406456 2.034760 1.668555 0.164252 0.303962 0.185538 0.000186 0.384529 3.000000 0.000000 	1.908334
 2.074377 1.532690 1.716056 1.528600 1.399997 1.650443 1.221616 1.914890 0.583757 0.522398 0.715139 1.280182 0.775482 1.720889 0.805812 1.860039 2.224701 2.245295 1.989486 2.540773 1.408041 2.469292 1.226446 2.400178 1.461800 0.217490 0.260481 0.263653 0.166667 0.310668 3.000000 0.000000 	2.383446
 2.046458 0.863217 1.862388 1.140186 1.570964 1.465732 1.410375 1.768169 0.769969 0.327246 0.926878 0.998960 0.996964 1.404049 1.031167 1.521692 2.340590 2.178241 2.064865 2.297991 1.528381 2.182737 1.407962 2.093295 1.534002 0.178838 0.258821 0.170234 0.163541 0.363597 2.353464 0.448313 	2.718000
 2.754509 2.586349 2.169770 2.604078 1.829398 2.637059 1.686719 2.683908 0.978985 0.686738 1.168980 1.356941 1.250385 1.503318 1.287965 1.468388 1.733539 2.193400 1.740759 2.087888 1.409126 1.915312 1.434364 1.800736 1.190322 0.332170 0.177606 0.364055 0.531746 0.256858 0.000000 1.142857 	2.957473
 1.784624 1.625021 1.774948 1.759624 1.789374 1.922786 1.768835 2.105158 0.924020 0.575649 1.083392 1.199821 1.149835 1.454745 1.179703 1.511280 1.946665 1.774708 1.653971 1.900416 1.203000 1.816363 1.202039 1.755217 1.042730 0.743057 0.585311 0.769812 0.820568 0.419578 0.000000 0.703136 	2.129498
 1.852087 0.272997 1.511951 0.416873 1.126149 0.753922 0.982599 1.097728 0.691405 0.236526 0.838142 0.833439 0.904694 1.275456 0.937746 1.422265 2.585002 2.042877 2.115265 2.218786 1.482726 2.108183 1.323735 2.020173 1.242761 0.034953 0.162162 0.193548 0.000000 0.169192 0.000000 0.000000 	2.529162
 2.451792 0.417756 2.118536 0.579236 1.785137 0.852732 1.653168 1.127309 0.998426 0.159626 1.197499 0.506160 1.285865 0.905050 1.328758 1.051903 2.000768 1.960080 2.402663 2.034080 2.037864 1.871487 1.876125 1.752482 1.220847 0.216052 0.169884 0.175115 0.301587 0.067421 0.000000 0.214286 	2.205652
 0.756285 2.013166 0.938517 1.885029 1.271321 1.856739 1.490156 2.003407 0.917040 2.988301 1.068832 2.970631 1.128876 2.282302 1.153884 1.807050 2.127207 1.826825 1.853687 2.003168 1.353948 1.927137 1.287660 1.865625 1.618477 0.319981 0.643303 0.417370 0.246154 0.488927 3.000000 0.469780 	2.744549
 0.706578 1.352532 0.931447 1.305767 1.327661 1.427911 1.594406 1.679705 0.938808 1.116699 1.107566 1.846813 1.175210 1.910518 1.203463 1.793767 2.094071 2.875082 1.885565 2.397690 1.498483 2.124478 1.441196 1.991935 1.722809 0.251416 0.729730 0.580645 0.000000 0.465451 3.000000 1.500000 	2.567001
 0.711363 1.366842 0.937301 1.321667 1.334918 1.400916 1.581620 1.562892 0.954744 0.467636 1.143868 1.022370 1.226838 1.244404 1.266479 1.307495 2.037118 1.978230 1.844401 2.078075 1.517448 1.934038 1.524342 1.828918 1.580649 0.211827 0.791076 0.363258 0.042033 0.442244 3.000000 0.750000 	2.065137
 0.605923 1.700220 0.821086 1.550368 1.224256 1.500166 1.538939 1.585550 0.976605 0.437835 1.166502 0.962218 1.249410 1.198526 1.288871 1.270566 2.143521 1.948678 1.964625 2.044652 1.620650 1.901890 1.601106 1.797499 1.419411 0.200897 0.423692 0.317530 0.124745 0.353716 3.000000 0.001099 	2.013868
 1.356698 1.162397 1.552222 1.171883 1.764667 1.248227 1.667762 1.446084 1.009611 0.278483 1.210083 0.817005 1.298862 1.201541 1.341854 1.333590 2.309962 2.052668 2.427450 2.194425 2.091696 2.060792 1.913474 1.958429 1.688116 0.358056 1.054054 0.580645 0.166667 0.766003 3.000000 0.000000 	2.165214
 1.618706 0.775731 1.589773 0.843698 1.619895 1.037078 1.630875 1.276691 1.195578 0.391952 1.391410 0.942897 1.467399 1.191402 1.498312 1.248926 2.013370 1.364895 1.765803 1.448171 1.372017 1.408295 1.392529 1.378797 1.575420 0.282886 0.135670 0.282949 0.153968 0.473658 3.000000 0.844505 	1.964221
 1.288133 0.599594 1.411977 0.885095 1.376515 1.253223 1.308156 1.606658 0.824050 0.867218 0.976546 1.620266 1.037204 1.847445 1.062040 1.839982 1.690624 1.991939 1.487690 2.179613 1.063177 2.090114 1.072100 2.020346 1.451669 0.265017 0.247104 0.235023 0.166667 0.442054 3.000000 0.000000 	1.965620
 1.758752 0.779630 1.714356 0.936145 1.631590 1.217451 1.525436 1.518111 0.881621 0.437515 1.048574 1.034059 1.119916 1.343649 1.152955 1.434336 2.091802 1.994769 1.898179 2.127841 1.492587 2.009320 1.428992 1.919764 1.469145 0.214163 0.337490 0.271265 0.292211 0.307173 3.000000 0.750000 	1.406965
 2.049834 0.415676 1.935452 0.770973 1.647615 1.169915 1.497943 1.537587 0.857343 0.246736 1.022070 0.950264 1.093882 1.391762 1.128037 1.528665 1.711732 1.964162 1.625802 2.134981 1.257455 2.045662 1.258585 1.977301 1.452810 0.125670 0.022893 0.252751 0.266667 0.370694 3.000000 0.000000 	1.867211
 1.762273 1.154301 1.740306 1.250306 1.644551 1.411944 1.536034 1.631933 0.894440 0.399069 1.071885 1.058509 1.150175 1.404173 1.187905 1.488066 1.917582 2.015352 1.799717 2.152691 1.446560 2.028018 1.433744 1.934353 1.316179 0.320344 0.256503 0.404803 0.241134 0.414917 1.192726 0.015677 	1.846981
 1.786435 1.770494 1.862756 1.653106 1.744692 1.639674 1.641708 1.749337 1.025805 0.427995 1.192134 1.008937 1.258687 1.266730 1.287129 1.323810 2.234471 1.773125 1.902666 1.877507 1.470818 1.771521 1.447395 1.693466 1.203768 0.305459 0.268696 0.283146 0.266282 0.160826 0.000000 0.006043 	1.904082
 1.587391 0.771020 1.783117 1.073024 1.733518 1.441271 1.582478 1.790086 0.840080 0.122302 0.993965 0.910459 1.060680 1.384797 1.092175 1.533255 2.196033 1.981569 1.927450 2.171324 1.396518 2.086757 1.310327 2.019279 2.225065 0.471525 0.908108 0.309677 0.466667 0.761331 0.000000 0.300000 	2.240211
 2.645766 0.185236 1.973885 0.615023 1.569967 1.025636 1.392330 1.394788 0.926420 0.905623 1.064631 1.639704 1.113408 1.805162 1.129977 1.771356 2.048532 2.470653 1.739331 2.228960 1.222265 2.037273 1.171462 1.944273 1.279951 0.549965 0.194595 0.638710 0.566667 0.314181 0.000000 0.450000 	2.465872
 1.751580 1.591878 1.708312 1.585949 1.693322 1.671029 1.631604 1.826602 0.958223 0.536061 1.136151 1.223708 1.212070 1.478578 1.247220 1.506994 1.991041 1.987939 1.729532 2.090771 1.363736 1.952049 1.392170 1.851622 1.383419 0.560263 0.647555 0.565051 0.433803 0.500096 0.000000 0.036074 	2.175657
 1.398046 1.133738 1.203616 1.357255 1.013474 1.722811 0.897983 2.103535 0.845087 2.839322 0.946607 2.486835 0.960345 2.286719 0.956727 2.302111 1.710847 2.044135 1.113463 2.335998 0.486616 2.312054 0.503103 2.282242 1.494675 0.318812 0.352941 0.255028 0.023529 0.600922 3.000000 0.000000 	2.640719
 1.761028 1.809796 1.660848 1.743293 1.585546 1.879453 1.516526 2.139948 0.936554 2.933290 1.075624 2.799365 1.125214 2.346553 1.142044 2.113673 2.117911 2.674774 1.867997 2.501851 1.395035 2.305557 1.304973 2.202633 1.615881 0.284545 0.410099 0.399077 0.139868 0.415724 3.000000 0.398488 	2.562692
 1.638042 0.714266 1.608021 0.951840 1.602529 1.278051 1.580794 1.604061 0.952249 2.839242 1.122962 2.478942 1.189618 1.752040 1.218056 1.593377 1.768430 2.057204 1.819308 2.200009 1.559491 2.076556 1.522125 1.982558 1.574465 0.232459 0.486486 0.340417 0.143137 0.556910 3.000000 0.070588 	3.138232
 2.599174 2.331154 2.196556 2.330925 1.844568 2.355632 1.686734 2.404305 0.945814 0.570645 1.115883 1.190566 1.187965 1.363820 1.221093 1.381508 2.538445 1.980489 2.294317 2.089803 1.783333 1.956200 1.632180 1.856467 1.370126 0.173278 0.113514 0.290323 0.333333 0.180614 3.000000 0.000000 	3.310753
 1.762759 0.526079 1.683511 0.747665 1.554558 1.032526 1.474891 1.339700 0.942136 0.418421 1.120326 1.044441 1.195708 1.337946 1.229969 1.412814 2.088586 1.960242 1.862860 2.074726 1.446240 1.946540 1.408661 1.853096 1.434470 0.130152 0.424759 0.175571 0.071379 0.298111 3.000000 0.000000 	2.069901
 1.890220 0.299430 1.901362 0.461754 1.747372 0.779478 1.618169 1.076304 0.994317 0.188037 1.194203 0.531759 1.283208 0.932010 1.326577 1.079474 2.568454 1.975765 2.593340 2.060205 2.097822 1.901069 1.907069 1.783550 1.497063 0.090168 0.294436 0.147249 0.133987 0.262571 3.000000 0.000000 	2.014170
 1.789666 0.766998 1.895156 0.995048 1.734318 1.297239 1.595586 1.593426 0.908039 0.162933 1.080256 0.751974 1.155291 1.180307 1.190963 1.321924 2.325808 1.943568 2.151460 2.080428 1.628737 1.964953 1.511618 1.877636 1.613479 0.250439 0.274048 0.268089 0.367959 0.394551 3.000000 0.005871 	1.474434
 1.674981 0.454421 1.763286 0.669265 1.758162 0.985507 1.624506 1.288316 0.947765 0.213364 1.136314 0.634844 1.219901 1.051702 1.260429 1.197045 1.706217 1.837438 1.768365 1.963155 1.503704 1.845791 1.506729 1.757198 1.558591 0.111699 0.428617 0.193548 0.124817 0.372304 3.000000 0.000000 	1.516925
 1.727371 1.119714 1.727512 1.223083 1.643439 1.395995 1.544028 1.621904 0.915929 0.396576 1.095650 1.061035 1.174306 1.410026 1.211864 1.495067 1.910980 2.024442 1.804617 2.165707 1.462688 2.040807 1.452509 1.946486 1.332627 0.307403 0.254936 0.392057 0.220153 0.414548 1.365455 0.000115 	1.705732
 1.711447 1.287271 1.638218 1.394739 1.450032 1.641540 1.295609 2.006525 0.661000 0.641181 0.797468 1.562464 0.857984 2.000201 0.887293 2.102341 1.640572 2.261446 1.511442 2.587620 1.244286 2.538164 1.244740 2.483950 1.493658 0.636359 0.444717 0.867751 0.332030 1.000651 0.000000 0.070381 	2.490361
 1.664050 1.676252 1.687283 1.580643 1.607590 1.583833 1.485283 1.753977 0.824884 0.452438 0.983065 1.110526 1.050953 1.488678 1.082600 1.599648 1.922694 2.127211 1.795202 2.237839 1.398391 2.127583 1.339756 2.047297 1.361455 0.395384 0.309237 0.386506 0.249939 0.547368 0.000000 0.160440 	1.452109
 2.406627 1.589845 2.060371 1.606856 1.779129 1.661846 1.641356 1.742872 0.983667 0.488397 1.174851 1.030229 1.258583 1.194664 1.298604 1.233627 2.346086 1.989227 2.193069 2.071866 1.869497 1.914205 1.785205 1.798663 1.266021 0.215556 0.227027 0.232258 0.233333 0.146868 0.000000 0.000000 	1.740737
 1.796050 1.201183 2.008964 1.467958 1.977595 1.748077 1.858738 2.013510 0.930660 0.161433 1.088815 0.817696 1.154714 1.216015 1.184382 1.338587 2.271675 1.767650 1.880794 1.890236 1.363152 1.801759 1.303878 1.736674 1.242633 0.409741 0.335114 0.398421 0.686159 0.231370 0.000000 0.000000 	1.661888
 1.678627 0.813453 1.798344 0.873898 1.749072 1.082606 1.673932 1.363246 1.006981 0.196675 1.190527 0.728561 1.268693 1.077363 1.304855 1.191450 2.312681 1.881007 2.297485 1.961603 1.801948 1.828201 1.673396 1.730920 1.166501 0.305000 0.296606 0.352941 0.439216 0.216433 0.000000 0.000000 	1.909324
 